   1851.0000       1.0000000    
   1851.0000       1.0000000    
   1852.0000      0.91830599    
   1852.0000      0.91830599    
   1853.0000      0.85721952    
   1853.0000      0.85721952    
   1854.0000      0.79053259    
   1854.0000      0.79053259    
   1855.0000      0.73730940    
   1855.0000      0.73730940    
   1856.0000      0.68795705    
   1856.0000      0.68795705    
   1857.0000      0.65213686    
   1857.0000      0.65213686    
   1858.0000      0.61961722    
   1858.0000      0.61961722    
   1859.0000      0.59171820    
   1859.0000      0.59171820    
   1860.0000      0.57020926    
   1860.0000      0.57020926    
   1861.0000      0.55374563    
   1861.0000      0.55374563    
   1862.0000      0.54093009    
   1862.0000      0.54093009    
   1863.0000      0.47444332    
   1863.0000      0.47444332    
   1864.0000      0.46751580    
   1864.0000      0.46751580    
   1865.0000      0.46225893    
   1865.0000      0.46225893    
   1866.0000      0.45664850    
   1866.0000      0.45664850    
   1867.0000      0.44797140    
   1867.0000      0.44797140    
   1868.0000      0.44292757    
   1868.0000      0.44292757    
   1869.0000      0.43370923    
   1869.0000      0.43370923    
   1870.0000      0.42938331    
   1870.0000      0.42938331    
   1871.0000      0.42121840    
   1871.0000      0.42121840    
   1872.0000      0.43732768    
   1872.0000      0.43732768    
   1873.0000      0.50007021    
   1873.0000      0.50007021    
   1874.0000      0.49327385    
   1874.0000      0.49327385    
   1875.0000      0.47081512    
   1875.0000      0.47081512    
   1876.0000      0.46844137    
   1876.0000      0.46844137    
   1877.0000      0.45846269    
   1877.0000      0.45846269    
   1878.0000      0.45025229    
   1878.0000      0.45025229    
   1879.0000      0.44175306    
   1879.0000      0.44175306    
   1880.0000      0.44197300    
   1880.0000      0.44197300    
   1881.0000      0.44953072    
   1881.0000      0.44953072    
   1882.0000      0.46074948    
   1882.0000      0.46074948    
   1883.0000      0.42515913    
   1883.0000      0.42515913    
   1884.0000      0.42722681    
   1884.0000      0.42722681    
   1885.0000      0.42023054    
   1885.0000      0.42023054    
   1886.0000      0.41302988    
   1886.0000      0.41302988    
   1887.0000      0.40708557    
   1887.0000      0.40708557    
   1888.0000      0.40561888    
   1888.0000      0.40561888    
   1889.0000      0.41392723    
   1889.0000      0.41392723    
   1890.0000      0.40207058    
   1890.0000      0.40207058    
   1891.0000      0.40884486    
   1891.0000      0.40884486    
   1892.0000      0.40522325    
   1892.0000      0.40522325    
   1893.0000      0.40439275    
   1893.0000      0.40439275    
   1894.0000      0.39213970    
   1894.0000      0.39213970    
   1895.0000      0.40049902    
   1895.0000      0.40049902    
   1896.0000      0.40541559    
   1896.0000      0.40541559    
   1897.0000      0.40271834    
   1897.0000      0.40271834    
   1898.0000      0.40458912    
   1898.0000      0.40458912    
   1899.0000      0.40690103    
   1899.0000      0.40690103    
   1900.0000      0.41754583    
   1900.0000      0.41754583    
   1901.0000      0.41870064    
   1901.0000      0.41870064    
   1902.0000      0.44309089    
   1902.0000      0.44309089    
   1903.0000      0.43492791    
   1903.0000      0.43492791    
   1904.0000      0.45273307    
   1904.0000      0.45273307    
   1905.0000      0.44869298    
   1905.0000      0.44869298    
   1906.0000      0.45707664    
   1906.0000      0.45707664    
   1907.0000      0.46251312    
   1907.0000      0.46251312    
   1908.0000      0.47757062    
   1908.0000      0.47757062    
   1909.0000      0.45168173    
   1909.0000      0.45168173    
   1910.0000      0.44803658    
   1910.0000      0.44803658    
   1911.0000      0.44690624    
   1911.0000      0.44690624    
   1912.0000      0.41765031    
   1912.0000      0.41765031    
   1913.0000      0.40734169    
   1913.0000      0.40734169    
   1914.0000      0.41152024    
   1914.0000      0.41152024    
   1915.0000      0.36506292    
   1915.0000      0.36506292    
   1916.0000      0.35097921    
   1916.0000      0.35097921    
   1917.0000      0.37400267    
   1917.0000      0.37400267    
   1918.0000      0.38373968    
   1918.0000      0.38373968    
   1919.0000      0.37224293    
   1919.0000      0.37224293    
   1920.0000      0.31849900    
   1920.0000      0.31849900    
   1921.0000      0.37067032    
   1921.0000      0.37067032    
   1922.0000      0.33764130    
   1922.0000      0.33764130    
   1923.0000      0.34739128    
   1923.0000      0.34739128    
   1924.0000      0.38767564    
   1924.0000      0.38767564    
   1925.0000      0.38107297    
   1925.0000      0.38107297    
   1926.0000      0.37565154    
   1926.0000      0.37565154    
   1927.0000      0.36389452    
   1927.0000      0.36389452    
   1928.0000      0.39933088    
   1928.0000      0.39933088    
   1929.0000      0.39040139    
   1929.0000      0.39040139    
   1930.0000      0.41239816    
   1930.0000      0.41239816    
   1931.0000      0.39686912    
   1931.0000      0.39686912    
   1932.0000      0.35417002    
   1932.0000      0.35417002    
   1933.0000      0.27921417    
   1933.0000      0.27921417    
   1934.0000      0.29948947    
   1934.0000      0.29948947    
   1935.0000      0.32521737    
   1935.0000      0.32521737    
   1936.0000      0.33936054    
   1936.0000      0.33936054    
   1937.0000      0.37043780    
   1937.0000      0.37043780    
   1938.0000      0.37972841    
   1938.0000      0.37972841    
   1939.0000      0.34977657    
   1939.0000      0.34977657    
   1940.0000      0.36339527    
   1940.0000      0.36339527    
   1941.0000      0.38381752    
   1941.0000      0.38381752    
   1942.0000      0.37829077    
   1942.0000      0.37829077    
   1943.0000      0.37616888    
   1943.0000      0.37616888    
   1944.0000      0.37917107    
   1944.0000      0.37917107    
   1945.0000      0.36903512    
   1945.0000      0.36903512    
   1946.0000      0.29053727    
   1946.0000      0.29053727    
   1947.0000      0.35160109    
   1947.0000      0.35160109    
   1948.0000      0.39111364    
   1948.0000      0.39111364    
   1949.0000      0.40035245    
   1949.0000      0.40035245    
   1950.0000      0.37292248    
   1950.0000      0.37292248    
   1951.0000      0.40370354    
   1951.0000      0.40370354    
   1952.0000      0.46164304    
   1952.0000      0.46164304    
   1953.0000      0.45237082    
   1953.0000      0.45237082    
   1954.0000      0.44348508    
   1954.0000      0.44348508    
   1955.0000      0.44473520    
   1955.0000      0.44473520    
   1956.0000      0.46585274    
   1956.0000      0.46585274    
   1957.0000      0.47723046    
   1957.0000      0.47723046    
   1958.0000      0.47260731    
   1958.0000      0.47260731    
   1959.0000      0.47214484    
   1959.0000      0.47214484    
   1960.0000      0.45492232    
   1960.0000      0.45492232    
   1961.0000      0.45624268    
   1961.0000      0.45624268    
   1962.0000      0.45263195    
   1962.0000      0.45263195    
   1963.0000      0.44974577    
   1963.0000      0.44974577    
   1964.0000      0.45726302    
   1964.0000      0.45726302    
   1965.0000      0.46137160    
   1965.0000      0.46137160    
   1966.0000      0.46498722    
   1966.0000      0.46498722    
   1967.0000      0.46973580    
   1967.0000      0.46973580    
   1968.0000      0.46585038    
   1968.0000      0.46585038    
   1969.0000      0.46318537    
   1969.0000      0.46318537    
   1970.0000      0.47337326    
   1970.0000      0.47337326    
   1971.0000      0.48409784    
   1971.0000      0.48409784    
   1972.0000      0.46823981    
   1972.0000      0.46823981    
   1973.0000      0.46915773    
   1973.0000      0.46915773    
   1974.0000      0.47603568    
   1974.0000      0.47603568    
   1975.0000      0.45971689    
   1975.0000      0.45971689    
   1976.0000      0.44584033    
   1976.0000      0.44584033    
   1977.0000      0.46359199    
   1977.0000      0.46359199    
   1978.0000      0.46119556    
   1978.0000      0.46119556    
   1979.0000      0.46446162    
   1979.0000      0.46446162    
   1980.0000      0.45997360    
   1980.0000      0.45997360    
   1981.0000      0.44169781    
   1981.0000      0.44169781    
   1982.0000      0.42087993    
   1982.0000      0.42087993    
   1983.0000      0.42932722    
   1983.0000      0.42932722    
   1984.0000      0.42949188    
   1984.0000      0.42949188    
   1985.0000      0.43706793    
   1985.0000      0.43706793    
   1986.0000      0.44398874    
   1986.0000      0.44398874    
   1987.0000      0.44079167    
   1987.0000      0.44079167    
   1988.0000      0.44650093    
   1988.0000      0.44650093    
   1989.0000      0.45427367    
   1989.0000      0.45427367    
   1990.0000      0.44905418    
   1990.0000      0.44905418    
   1991.0000      0.43506953    
   1991.0000      0.43506953    
   1992.0000      0.44398731    
   1992.0000      0.44398731    
   1993.0000      0.41609111    
   1993.0000      0.41609111    
   1994.0000      0.41440919    
   1994.0000      0.41440919    
   1995.0000      0.40854633    
   1995.0000      0.40854633    
   1996.0000      0.40928021    
   1996.0000      0.40928021    
   1997.0000      0.41337118    
   1997.0000      0.41337118    
   1998.0000      0.40652543    
   1998.0000      0.40652543    
   1999.0000      0.39279872    
   1999.0000      0.39279872    
   2000.0000      0.38518468    
   2000.0000      0.38518468    
   2001.0000      0.39525816    
   2001.0000      0.39525816    
   2002.0000      0.40233964    
   2002.0000      0.40233964    
   2003.0000      0.40829223    
   2003.0000      0.40829223    
   2004.0000      0.41330326    
   2004.0000      0.41330326    
   2005.0000      0.41754591    
   2005.0000      0.41754591    
   2006.0000      0.42113912    
   2006.0000      0.42113912    
   2007.0000      0.42418614    
   2007.0000      0.42418614    
   2008.0000      0.42678985    
   2008.0000      0.42678985    
   2009.0000      0.42901951    
   2009.0000      0.42901951    
   2010.0000      0.43093970    
   2010.0000      0.43093970    
   2011.0000      0.43259144    
   2011.0000      0.43259144    
   2012.0000      0.44010767    
   2012.0000      0.44010767    
   2013.0000      0.44641837    
   2013.0000      0.44641837    
   2014.0000      0.45172250    
   2014.0000      0.45172250    
   2015.0000      0.45619881    
   2015.0000      0.45619881    
   2016.0000      0.45999202    
   2016.0000      0.45999202    
   2017.0000      0.46321109    
   2017.0000      0.46321109    
   2018.0000      0.46595481    
   2018.0000      0.46595481    
   2019.0000      0.46830782    
   2019.0000      0.46830782    
   2020.0000      0.47032675    
   2020.0000      0.47032675    
   2021.0000      0.47207829    
   2021.0000      0.47207829    
   2022.0000      0.47275507    
   2022.0000      0.47275507    
   2023.0000      0.47337207    
   2023.0000      0.47337207    
   2024.0000      0.47394213    
   2024.0000      0.47394213    
   2025.0000      0.47446787    
   2025.0000      0.47446787    
   2026.0000      0.47496533    
   2026.0000      0.47496533    
   2027.0000      0.47543594    
   2027.0000      0.47543594    
   2028.0000      0.47588560    
   2028.0000      0.47588560    
   2029.0000      0.47631535    
   2029.0000      0.47631535    
   2030.0000      0.47673887    
   2030.0000      0.47673887    
   2031.0000      0.47714397    
   2031.0000      0.47714397    
   2032.0000      0.47361311    
   2032.0000      0.47361311    
   2033.0000      0.47058555    
   2033.0000      0.47058555    
   2034.0000      0.46797925    
   2034.0000      0.46797925    
   2035.0000      0.46574304    
   2035.0000      0.46574304    
   2036.0000      0.46381959    
   2036.0000      0.46381959    
   2037.0000      0.46217331    
   2037.0000      0.46217331    
   2038.0000      0.46075407    
   2038.0000      0.46075407    
   2039.0000      0.45954835    
   2039.0000      0.45954835    
   2040.0000      0.45851630    
   2040.0000      0.45851630    
   2041.0000      0.45764974    
   2041.0000      0.45764974    
   2042.0000      0.45695019    
   2042.0000      0.45695019    
   2043.0000      0.45637059    
   2043.0000      0.45637059    
   2044.0000      0.45589682    
   2044.0000      0.45589682    
   2045.0000      0.45551902    
   2045.0000      0.45551902    
   2046.0000      0.45522389    
   2046.0000      0.45522389    
   2047.0000      0.45501301    
   2047.0000      0.45501301    
   2048.0000      0.45486289    
   2048.0000      0.45486289    
   2049.0000      0.45477912    
   2049.0000      0.45477912    
   2050.0000      0.45474613    
   2050.0000      0.45474613    
   2051.0000      0.45477667    
   2051.0000      0.45477667    
   2052.0000      0.45600054    
   2052.0000      0.45600054    
   2053.0000      0.45713192    
   2053.0000      0.45713192    
   2054.0000      0.45820746    
   2054.0000      0.45820746    
   2055.0000      0.45922202    
   2055.0000      0.45922202    
   2056.0000      0.46019739    
   2056.0000      0.46019739    
   2057.0000      0.46113467    
   2057.0000      0.46113467    
   2058.0000      0.46203491    
   2058.0000      0.46203491    
   2059.0000      0.46291861    
   2059.0000      0.46291861    
   2060.0000      0.46378618    
   2060.0000      0.46378618    
   2061.0000      0.46463174    
   2061.0000      0.46463174    
   2062.0000      0.46546212    
   2062.0000      0.46546212    
   2063.0000      0.46629030    
   2063.0000      0.46629030    
   2064.0000      0.46711013    
   2064.0000      0.46711013    
   2065.0000      0.46792802    
   2065.0000      0.46792802    
   2066.0000      0.46874392    
   2066.0000      0.46874392    
   2067.0000      0.46955189    
   2067.0000      0.46955189    
   2068.0000      0.47036409    
   2068.0000      0.47036409    
   2069.0000      0.47117451    
   2069.0000      0.47117451    
   2070.0000      0.47199503    
   2070.0000      0.47199503    
   2071.0000      0.47280774    
   2071.0000      0.47280774    
   2072.0000      0.47512820    
   2072.0000      0.47512820    
   2073.0000      0.47728369    
   2073.0000      0.47728369    
   2074.0000      0.47931919    
   2074.0000      0.47931919    
   2075.0000      0.48123851    
   2075.0000      0.48123851    
   2076.0000      0.48306191    
   2076.0000      0.48306191    
   2077.0000      0.48479244    
   2077.0000      0.48479244    
   2078.0000      0.48645461    
   2078.0000      0.48645461    
   2079.0000      0.48805594    
   2079.0000      0.48805594    
   2080.0000      0.48959294    
   2080.0000      0.48959294    
   2081.0000      0.49108857    
   2081.0000      0.49108857    
   2082.0000      0.49383625    
   2082.0000      0.49383625    
   2083.0000      0.49641380    
   2083.0000      0.49641380    
   2084.0000      0.49883240    
   2084.0000      0.49883240    
   2085.0000      0.50112283    
   2085.0000      0.50112283    
   2086.0000      0.50329959    
   2086.0000      0.50329959    
   2087.0000      0.50537145    
   2087.0000      0.50537145    
   2088.0000      0.50735670    
   2088.0000      0.50735670    
   2089.0000      0.50926298    
   2089.0000      0.50926298    
   2090.0000      0.51110715    
   2090.0000      0.51110715    
   2091.0000      0.51288670    
   2091.0000      0.51288670    
   2092.0000      0.51463044    
   2092.0000      0.51463044    
   2093.0000      0.51632661    
   2093.0000      0.51632661    
   2094.0000      0.51798147    
   2094.0000      0.51798147    
   2095.0000      0.51959622    
   2095.0000      0.51959622    
   2096.0000      0.52117658    
   2096.0000      0.52117658    
   2097.0000      0.52272367    
   2097.0000      0.52272367    
   2098.0000      0.52425146    
   2098.0000      0.52425146    
   2099.0000      0.52574778    
   2099.0000      0.52574778    
   2100.0000      0.52723050    
   2100.0000      0.52723050    
