1750	0.00137	0.00137
1760	0.00137	0.00137
1770	0.00137	0.00137
1780	0.00137	0.00137
1790	0.00137	0.00137
1800	0.00137	0.00137
1810	0.00137	0.00137
1820	0.00137	0.00137
1830	0.00137	0.00137
1840	0.00137	0.00137
1850	0.00137	0.00137
1860	0.00137	0.00137
1870	0.00137	0.00137
1890	0.00137	0.00137
1900	0.00137	0.00137
1910	0.00137	0.00137
1920	0.00137	0.00137
1930	0.00137	0.00137
1940	0.00137	0.00137
1950	0.00137	0.00137
1960	0.00137	0.00137
1970	0.00137	0.00137
1980	0.00137	0.00137	
1990	0	0
2000	0.16	0.16
2010	0.35	0.34
2020	0.5	0.55
2030	0.73	0.77
2040	1.06	0.98
2050	1.42	1.21
2060	1.85	1.44
2070	2.33	1.63
2080	2.81	1.79
2090	3.29	1.91	
2100	3.79	1.98	