1851	284.875
1852	285
1853	285.125
1854	285.275
1855	285.425
1856	285.575
1857	285.725
1858	285.9
1859	286.075
1860	286.225
1861	286.375
1862	286.5
1863	286.625
1864	286.775
1865	286.9
1866	287
1867	287.1
1868	287.225
1869	287.375
1870	287.525
1871	287.7
1872	287.9
1873	288.125
1874	288.4
1875	288.7
1876	289.025
1877	289.4
1878	289.8
1879	290.225
1880	290.7
1881	291.2
1882	291.675
1883	292.125
1884	292.575
1885	292.975
1886	293.3
1887	293.575
1888	293.8
1889	294
1890	294.175
1891	294.325
1892	294.475
1893	294.6
1894	294.7
1895	294.8
1896	294.9
1897	295.025
1898	295.225
1899	295.5
1900	295.8
1901	296.125
1902	296.475
1903	296.825
1904	297.2
1905	297.625
1906	298.075
1907	298.5
1908	298.9
1909	299.3
1910	299.7
1911	300.075
1912	300.425
1913	300.775
1914	301.1
1915	301.4
1916	301.725
1917	302.075
1918	302.4
1919	302.7
1920	303.025
1921	303.4
1922	303.775
1923	304.125
1924	304.525
1925	304.975
1926	305.4
1927	305.825
1928	306.3
1929	306.775
1930	307.225
1931	307.7
1932	308.175
1933	308.6
1934	309
1935	309.4
1936	309.75
1937	310
1938	310.175
1939	310.3
1940	310.375
1941	310.375
1942	310.3
1943	310.2
1944	310.125
1945	310.1
1946	310.125
1947	310.2
1948	310.325
1949	310.5
1950	310.75
1951	311.1
1952	311.5
1953	311.925
1954	312.425
1955	313
1956	313.6
1957	314.225
1958	314.8475
1959	315.5
1960	316.2725
1961	317.075
1962	317.795
1963	318.3975
1964	318.925
1965	319.6475
1966	320.6475
1967	321.605
1968	322.635
1969	323.9025
1970	324.985
1971	325.855
1972	327.14
1973	328.6775
1974	329.7425
1975	330.585
1976	331.7475
1977	333.2725
1978	334.8475
1979    336.85 
1980    338.91 
1981    340.11 
1982    340.86 
1983    342.53 
1984    344.07 
1985    345.54  
1986    346.97 
1987    348.68 
1988    351.16  
1989    352.78  
1990    354.05  
1991    355.39    
1992    356.09  
1993    356.83 
1994    358.33 
1995    360.17 
1996    361.93  
1997    363.05  
1998    365.70  
1999    367.80 
2000    368.96 
2001    370.57  
2002    372.59 
2003    375.15 
2004    376.95  
2005    378.98  
2006    381.15 
2007    382.90 
2008    385.02 
2009    386.50  
2010    388.76  
2011    390.63 
2012    392.65 
2013    395.40 
2014    397.34 
2015    399.65 
2016    403.06 
2017    405.22 
2018    407.61 
2019    410.07 
2020    412.44 