        1851  0.50000000    
        1852  0.54694003    
        1853  0.60513997    
        1854  0.60608000    
        1855  0.61440003    
        1856  0.61313999    
        1857  0.62342000    
        1858  0.62974000    
        1859  0.63612002    
        1860  0.64620000    
        1861  0.65924001    
        1862  0.67452002    
        1863  0.61750001    
        1864  0.62430000    
        1865  0.63271999    
        1866  0.64036000    
        1867  0.64418000    
        1868  0.65123999    
        1869  0.65311998    
        1870  0.65969998    
        1871  0.66162002    
        1872  0.69125998    
        1873  0.79420000    
        1874  0.81566000    
        1875  0.81114000    
        1876  0.83284003    
        1877  0.84258002    
        1878  0.85320002    
        1879  0.86173999    
        1880  0.88243997    
        1881  0.91593999    
        1882  0.95973998    
        1883  0.92710000    
        1884  0.94889998    
        1885  0.95700002    
        1886  0.96333998    
        1887  0.97035998    
        1888  0.98379999    
        1889   1.0140400    
        1890   1.0125200    
        1891   1.0403800    
        1892   1.0525399    
        1893   1.0690399    
        1894   1.0654000    
        1895   1.0957400    
        1896   1.1231000    
        1897   1.1382000    
        1898   1.1616000    
        1899   1.1871001    
        1900   1.2312400    
        1901   1.2600600    
        1902   1.3436000    
        1903   1.3615201    
        1904   1.4419800    
        1905   1.4749600    
        1906   1.5413800    
        1907   1.6057400    
        1908   1.7059200    
        1909   1.6854600    
        1910   1.7227401    
        1911   1.7668400    
        1912   1.7238600    
        1913   1.7268800    
        1914   1.7688200    
        1915   1.6694000    
        1916   1.6459600    
        1917   1.7155000    
        1918   1.7612000    
        1919   1.7513200    
        1920   1.6304200    
        1921   1.7661600    
        1922   1.6967000    
        1923   1.7299000    
        1924   1.8563600    
        1925   1.8653001    
        1926   1.8751600    
        1927   1.8644600    
        1928   1.9952199    
        1929   2.0022399    
        1930   2.1110799    
        1931   2.1006401    
        1932   1.9959600    
        1933   1.8032000    
        1934   1.8462000    
        1935   1.9146600    
        1936   1.9634600    
        1937   2.0747199    
        1938   2.1337399    
        1939   2.0664001    
        1940   2.1295400    
        1941   2.2259800    
        1942   2.2415600    
        1943   2.2668600    
        1944   2.3100801    
        1945   2.3063800    
        1946   2.0768199    
        1947   2.2679801    
        1948   2.4382000    
        1949   2.5195999    
        1950   2.4564800    
        1951   2.6176701    
        1952   2.9574699    
        1953   3.0074301    
        1954   3.0513101    
        1955   3.1442900    
        1956   3.3599601    
        1957   3.5474100    
        1958   3.6428101    
        1959   3.7632401    
        1960   3.7656400    
        1961   3.8803599    
        1962   3.9626901    
        1963   4.0472898    
        1964   4.2088699    
        1965   4.3573899    
        1966   4.5109501    
        1967   4.6829901    
        1968   4.7878199    
        1969   4.8995700    
        1970   5.1314201    
        1971   5.3947201    
        1972   5.4044499    
        1973   5.5636501    
        1974   5.7925200    
        1975   5.7817302    
        1976   5.7750902    
        1977   6.0900602    
        1978   6.2157998    
        1979   6.4058700    
        1980   6.5110998    
        1981   6.4462399    
        1982   6.3313398    
        1983   6.5149798    
        1984   6.6207700    
        1985   6.8171401    
        1986   7.0241699    
        1987   7.1181798    
        1988   7.3231101    
        1989   7.5721302    
        1990   7.6589198    
        1991   7.6159701    
        1992   7.8634501    
        1993   7.6234698    
        1994   7.6918201    
        1995   7.7037501    
        1996   7.7937298    
        1997   7.9315801    
        1998   7.9301701    
        1999   7.8294001    
        2000   7.7906899    
        2001   7.9699998    
        2002   8.1309996    
        2003   8.2919998    
        2004   8.4530001    
        2005   8.6140003    
        2006   8.7749996    
        2007   8.9359999    
        2008   9.0970001    
        2009   9.2580004    
        2010   9.4189997    
        2011   9.5799999    
        2012   9.8470001    
        2013   10.114000    
        2014   10.381000    
        2015   10.648000    
        2016   10.915000    
        2017   11.182000    
        2018   11.449000    
        2019   11.716000    
        2020   11.983000    
        2021   12.250000    
        2022   12.497000    
        2023   12.744000    
        2024   12.991000    
        2025   13.238000    
        2026   13.485000    
        2027   13.732000    
        2028   13.979000    
        2029   14.226000    
        2030   14.473000    
        2031   14.720000    
        2032   14.855000    
        2033   14.990000    
        2034   15.125000    
        2035   15.260000    
        2036   15.395000    
        2037   15.530000    
        2038   15.665000    
        2039   15.800000    
        2040   15.935000    
        2041   16.070000    
        2042   16.205999    
        2043   16.341999    
        2044   16.478001    
        2045   16.614000    
        2046   16.750000    
        2047   16.886000    
        2048   17.021999    
        2049   17.158001    
        2050   17.294001    
        2051   17.430000    
        2052   17.603001    
        2053   17.775999    
        2054   17.948999    
        2055   18.122000    
        2056   18.295000    
        2057   18.468000    
        2058   18.641001    
        2059   18.813999    
        2060   18.987000    
        2061   19.160000    
        2062   19.333000    
        2063   19.506001    
        2064   19.679001    
        2065   19.851999    
        2066   20.025000    
        2067   20.198000    
        2068   20.371000    
        2069   20.544001    
        2070   20.716999    
        2071   20.889999    
        2072   21.122999    
        2073   21.356001    
        2074   21.589001    
        2075   21.822001    
        2076   22.055000    
        2077   22.288000    
        2078   22.521000    
        2079   22.754000    
        2080   22.987000    
        2081   23.219999    
        2082   23.513000    
        2083   23.806000    
        2084   24.099001    
        2085   24.392000    
        2086   24.684999    
        2087   24.978001    
        2088   25.271000    
        2089   25.563999    
        2090   25.857000    
        2091   26.150000    
        2092   26.444000    
        2093   26.738001    
        2094   27.032000    
        2095   27.326000    
        2096   27.620001    
        2097   27.914000    
        2098   28.208000    
        2099   28.502001    
        2100   28.796000    
