        1851  0.50000000    
        1852  0.54694003    
        1853  0.60513997    
        1854  0.60608000    
        1855  0.61440003    
        1856  0.61313999    
        1857  0.62342000    
        1858  0.62974000    
        1859  0.63612002    
        1860  0.64620000    
        1861  0.65924001    
        1862  0.67452002    
        1863  0.61750001    
        1864  0.62430000    
        1865  0.63271999    
        1866  0.64036000    
        1867  0.64418000    
        1868  0.65123999    
        1869  0.65311998    
        1870  0.65969998    
        1871  0.66162002    
        1872  0.69125998    
        1873  0.79420000    
        1874  0.81566000    
        1875  0.81114000    
        1876  0.83284003    
        1877  0.84258002    
        1878  0.85320002    
        1879  0.86173999    
        1880  0.88243997    
        1881  0.91593999    
        1882  0.95973998    
        1883  0.92710000    
        1884  0.94889998    
        1885  0.95700002    
        1886  0.96333998    
        1887  0.97035998    
        1888  0.98379999    
        1889   1.0140400    
        1890   1.0125200    
        1891   1.0403800    
        1892   1.0525399    
        1893   1.0690399    
        1894   1.0654000    
        1895   1.0957400    
        1896   1.1231000    
        1897   1.1382000    
        1898   1.1616000    
        1899   1.1871001    
        1900   1.2312400    
        1901   1.2600600    
        1902   1.3436000    
        1903   1.3615201    
        1904   1.4419800    
        1905   1.4749600    
        1906   1.5413800    
        1907   1.6057400    
        1908   1.7059200    
        1909   1.6854600    
        1910   1.7227401    
        1911   1.7668400    
        1912   1.7238600    
        1913   1.7268800    
        1914   1.7688200    
        1915   1.6694000    
        1916   1.6459600    
        1917   1.7155000    
        1918   1.7612000    
        1919   1.7513200    
        1920   1.6304200    
        1921   1.7661600    
        1922   1.6967000    
        1923   1.7299000    
        1924   1.8563600    
        1925   1.8653001    
        1926   1.8751600    
        1927   1.8644600    
        1928   1.9952199    
        1929   2.0022399    
        1930   2.1110799    
        1931   2.1006401    
        1932   1.9959600    
        1933   1.8032000    
        1934   1.8462000    
        1935   1.9146600    
        1936   1.9634600    
        1937   2.0747199    
        1938   2.1337399    
        1939   2.0664001    
        1940   2.1295400    
        1941   2.2259800    
        1942   2.2415600    
        1943   2.2668600    
        1944   2.3100801    
        1945   2.3063800    
        1946   2.0768199    
        1947   2.2679801    
        1948   2.4382000    
        1949   2.5195999    
        1950   2.4564800    
        1951   2.6176701    
        1952   2.9574699    
        1953   3.0074301    
        1954   3.0513101    
        1955   3.1442900    
        1956   3.3599601    
        1957   3.5474100    
        1958   3.6428101    
        1959   3.7632401    
        1960   3.7656400    
        1961   3.8803599    
        1962   3.9626901    
        1963   4.0472898    
        1964   4.2088699    
        1965   4.3573899    
        1966   4.5109501    
        1967   4.6829901    
        1968   4.7878199    
        1969   4.8995700    
        1970   5.1314201    
        1971   5.3947201    
        1972   5.4044499    
        1973   5.5636501    
        1974   5.7925200    
        1975   5.7817302    
        1976   5.7750902    
        1977   6.0900602    
        1978   6.2157998    
        1979   6.4058700    
        1980   6.5110998    
        1981   6.4462399    
        1982   6.3313398    
        1983   6.5149798    
        1984   6.6207700    
        1985   6.8171401    
        1986   7.0241699    
        1987   7.1181798    
        1988   7.3231101    
        1989   7.5721302    
        1990   7.6589198    
        1991   7.6159701    
        1992   7.8634501    
        1993   7.6234698    
        1994   7.6918201    
        1995   7.7037501    
        1996   7.7937298    
        1997   7.9315801    
        1998   7.9301701    
        1999   7.8294001    
        2000   7.7906899    
        2001   7.9699998    
        2002   8.1009998    
        2003   8.2320004    
        2004   8.3629999    
        2005   8.4940004    
        2006   8.6250000    
        2007   8.7559996    
        2008   8.8870001    
        2009   9.0179996    
        2010   9.1490002    
        2011   9.2799997    
        2012   9.4150000    
        2013   9.5500002    
        2014   9.6850004    
        2015   9.8199997    
        2016   9.9549999    
        2017   10.090000    
        2018   10.225000    
        2019   10.360000    
        2020   10.495000    
        2021   10.630000    
        2022   10.678000    
        2023   10.726000    
        2024   10.774000    
        2025   10.822000    
        2026   10.870000    
        2027   10.918000    
        2028   10.966000    
        2029   11.014000    
        2030   11.062000    
        2031   11.110000    
        2032   11.171000    
        2033   11.232000    
        2034   11.293000    
        2035   11.354000    
        2036   11.415000    
        2037   11.476000    
        2038   11.537000    
        2039   11.598000    
        2040   11.659000    
        2041   11.720000    
        2042   11.677000    
        2043   11.634000    
        2044   11.591000    
        2045   11.548000    
        2046   11.505000    
        2047   11.462000    
        2048   11.419000    
        2049   11.376000    
        2050   11.333000    
        2051   11.290000    
        2052   11.135000    
        2053   10.980000    
        2054   10.825000    
        2055   10.670000    
        2056   10.515000    
        2057   10.360000    
        2058   10.205000    
        2059   10.050000    
        2060   9.8950005    
        2061   9.7399998    
        2062   9.5839996    
        2063   9.4280005    
        2064   9.2720003    
        2065   9.1160002    
        2066   8.9600000    
        2067   8.8039999    
        2068   8.6479998    
        2069   8.4919996    
        2070   8.3360004    
        2071   8.1800003    
        2072   8.0319996    
        2073   7.8839998    
        2074   7.7360001    
        2075   7.5879998    
        2076   7.4400001    
        2077   7.2919998    
        2078   7.1440001    
        2079   6.9959998    
        2080   6.8480000    
        2081   6.6999998    
        2082   6.5619998    
        2083   6.4239998    
        2084   6.2859998    
        2085   6.1479998    
        2086   6.0100002    
        2087   5.8720002    
        2088   5.7340002    
        2089   5.5960002    
        2090   5.4580002    
        2091   5.3200002    
        2092   5.2110000    
        2093   5.1020002    
        2094   4.9930000    
        2095   4.8839998    
        2096   4.7750001    
        2097   4.6659999    
        2098   4.5570002    
        2099   4.4480000    
        2100   4.3390002    
