1850	0.5
1851	0.54694
1852	0.60514
1853	0.60608
1854	0.6144
1855	0.61314
1856	0.62342
1857	0.62974
1858	0.63612
1859	0.6462
1860	0.65924
1861	0.67452
1862	0.6175
1863	0.6243
1864	0.63272
1865	0.64036
1866	0.64418
1867	0.65124
1868	0.65312
1869	0.6597
1870	0.66162
1871	0.69126
1872	0.7942
1873	0.81566
1874	0.81114
1875	0.83284
1876	0.84258
1877	0.8532
1878	0.86174
1879	0.88244
1880	0.91594
1881	0.95974
1882	0.9271
1883	0.9489
1884	0.957
1885	0.96334
1886	0.97036
1887	0.9838
1888	1.01404
1889	1.01252
1890	1.04038
1891	1.05254
1892	1.06904
1893	1.0654
1894	1.09574
1895	1.1231
1896	1.1382
1897	1.1616
1898	1.1871
1899	1.23124
1900	1.26006
1901	1.3436
1902	1.36152
1903	1.44198
1904	1.47496
1905	1.54138
1906	1.60574
1907	1.70592
1908	1.68546
1909	1.72274
1910	1.76684
1911	1.72386
1912	1.72688
1913	1.76882
1914	1.6694
1915	1.64596
1916	1.7155
1917	1.7612
1918	1.75132
1919	1.63042
1920	1.76616
1921	1.6967
1922	1.7299
1923	1.85636
1924	1.8653
1925	1.87516
1926	1.86446
1927	1.99522
1928	2.00224
1929	2.11108
1930	2.10064
1931	1.99596
1932	1.8032
1933	1.8462
1934	1.91466
1935	1.96346
1936	2.07472
1937	2.13374
1938	2.0664
1939	2.12954
1940	2.22598
1941	2.24156
1942	2.26686
1943	2.31008
1944	2.30638
1945	2.07682
1946	2.26798
1947	2.4382
1948	2.5196
1949	2.45648
1950	2.61767
1951	2.95747
1952	3.00743
1953	3.05131
1954	3.14429
1955	3.35996
1956	3.54741
1957	3.64281
1958	3.76324
1959	3.76564
1960	3.88036
1961	3.96269
1962	4.04729
1963	4.20887
1964	4.35739
1965	4.51095
1966	4.68299
1967	4.78782
1968	4.89957
1969	5.13142
1970	5.39472
1971	5.40445
1972	5.56365
1973	5.79252
1974	5.78173
1975	5.77509
1976	6.09006
1977	6.2158
1978	6.40587
1979	6.5111
1980	6.44624
1981	6.33134
1982	6.51498
1983	6.62077
1984	6.81714
1985	7.02417
1986	7.11818
1987	7.32311
1988	7.57213
1989	7.65892
1990	7.61597
1991	7.86345
1992	7.62347
1993	7.69182
1994	7.70375
1995	7.79373
1996	7.93158
1997	7.93017
1998	7.8294
1999	7.79069
2000.000   7.970
2001.000   8.131
2002.000   8.292
2003.000   8.453
2004.000   8.614
2005.000   8.775
2006.000   8.936
2007.000   9.097
2008.000   9.258
2009.000   9.419
2010.000   9.580
2011.000   9.847
2012.000  10.114
2013.000  10.381
2014.000  10.648
2015.000  10.915
2016.000  11.182
2017.000  11.449
2018.000  11.716
2019.000  11.983
2020.000  12.250
2021.000  12.497
2022.000  12.744
2023.000  12.991
2024.000  13.238
2025.000  13.485
2026.000  13.732
2027.000  13.979
2028.000  14.226
2029.000  14.473
2030.000  14.720
2031.000  14.855
2032.000  14.990
2033.000  15.125
2034.000  15.260
2035.000  15.395
2036.000  15.530
2037.000  15.665
2038.000  15.800
2039.000  15.935
2040.000  16.070
2041.000  16.206
2042.000  16.342
2043.000  16.478
2044.000  16.614
2045.000  16.750
2046.000  16.886
2047.000  17.022
2048.000  17.158
2049.000  17.294
2050.000  17.430
2051.000  17.603
2052.000  17.776
2053.000  17.949
2054.000  18.122
2055.000  18.295
2056.000  18.468
2057.000  18.641
2058.000  18.814
2059.000  18.987
2060.000  19.160
2061.000  19.333
2062.000  19.506
2063.000  19.679
2064.000  19.852
2065.000  20.025
2066.000  20.198
2067.000  20.371
2068.000  20.544
2069.000  20.717
2070.000  20.890
2071.000  21.123
2072.000  21.356
2073.000  21.589
2074.000  21.822
2075.000  22.055
2076.000  22.288
2077.000  22.521
2078.000  22.754
2079.000  22.987
2080.000  23.220
2081.000  23.513
2082.000  23.806
2083.000  24.099
2084.000  24.392
2085.000  24.685
2086.000  24.978
2087.000  25.271
2088.000  25.564
2089.000  25.857
2090.000  26.150
2091.000  26.444
2092.000  26.738
2093.000  27.032
2094.000  27.326
2095.000  27.620
2096.000  27.914
2097.000  28.208
2098.000  28.502
2099.000  28.796
2100.000  29.090
