1850.000   0.000   0.000
1851.004   0.000   0.000
1852.008   0.000   0.000
1853.012   0.000   0.000
1854.016   0.000   0.000
1855.020   0.000   0.000
1856.024   0.000   0.000
1857.028   0.000   0.000
1858.032   0.000   0.000
1859.036   0.000   0.000
1860.040   0.000   0.000
1861.044   0.000   0.000
1862.048   0.000   0.000
1863.052   0.000   0.000
1864.056   0.000   0.000
1865.060   0.000   0.000
1866.064   0.000   0.000
1867.068   0.000   0.000
1868.072   0.000   0.000
1869.076   0.000   0.000
1870.080   0.000   0.000
1871.084   0.000   0.000
1872.088   0.000   0.000
1873.092   0.000   0.000
1874.096   0.000   0.000
1875.100   0.000   0.000
1876.104   0.000   0.000
1877.108   0.000   0.000
1878.112   0.000   0.000
1879.116   0.000   0.000
1880.120   0.000   0.000
1881.124   0.000   0.000
1882.129   0.000   0.000
1883.133   0.000   0.000
1884.137   0.000   0.000
1885.141   0.000   0.000
1886.145   0.000   0.000
1887.149   0.000   0.000
1888.153   0.000   0.000
1889.157   0.000   0.000
1890.161   0.000   0.000
1891.165   0.000   0.000
1892.169   0.000   0.000
1893.173   0.000   0.000
1894.177   0.000   0.000
1895.181   0.000   0.000
1896.185   0.000   0.000
1897.189   0.000   0.000
1898.193   0.000   0.000
1899.197   0.000   0.000
1900.201   0.000   0.000
1901.205   0.000   0.000
1902.209   0.000   0.000
1903.213   0.000   0.000
1904.217   0.000   0.000
1905.221   0.000   0.000
1906.225   0.000   0.000
1907.229   0.000   0.000
1908.233   0.000   0.000
1909.237   0.000   0.000
1910.241   0.000   0.000
1911.245   0.000   0.000
1912.249   0.000   0.000
1913.253   0.000   0.000
1914.257   0.000   0.000
1915.261   0.000   0.000
1916.265   0.000   0.000
1917.269   0.000   0.000
1918.273   0.000   0.000
1919.277   0.000   0.000
1920.281   0.000   0.000
1921.285   0.000   0.000
1922.289   0.000   0.000
1923.293   0.000   0.000
1924.297   0.000   0.000
1925.301   0.000   0.000
1926.305   0.000   0.000
1927.309   0.000   0.000
1928.313   0.000   0.000
1929.317   0.000   0.000
1930.321   0.000   0.000
1931.325   0.000   0.000
1932.329   0.000   0.000
1933.333   0.000   0.000
1934.337   0.000   0.000
1935.341   0.000   0.000
1936.345   0.000   0.000
1937.349   0.000   0.000
1938.353   0.000   0.000
1939.357   0.000   0.000
1940.361   0.000   0.000
1941.365   0.000   0.000
1942.369   0.000   0.000
1943.373   0.000   0.000
1944.378   0.000   0.000
1945.382   0.000   0.000
1946.386   0.000   0.000
1947.390   0.000   0.000
1948.394   0.000   0.000
1949.398   0.000   0.000
1950.402   0.000   0.000
1951.406   0.000   0.000
1952.410   0.000   0.000
1953.414   0.000   0.000
1954.418   0.000   0.000
1955.422   0.000   0.000
1956.426   0.000   0.000
1957.430   0.000   0.000
1958.434   0.000   0.000
1959.438   0.000   0.000
1960.442   0.000   0.000	
1961.446   0.000   0.000
1962.450   0.000   0.000
1963.454   0.000   0.000
1964.458 0.000   0.000
1965.462 0.000   0.000
1966.466 0.000   0.000
1967.470 0.000   0.000
1968.474 0.000   0.000
1969.478 0.000   0.000
1970.482 325.578 325.578
1971.486 326.783 326.783
1972.490 327.988 327.988
1973.494 329.193 329.193
1974.498 330.398 330.398
1975.502 331.602 331.602
1976.506 332.807 332.807
1977.510 334.012 334.012
1978.514 335.217 335.217
1979.518 336.422 336.422
1980.522 337.835 337.835
1981.526 339.442 339.442
1982.530 341.048 341.048
1983.534 342.655 342.655
1984.538 344.261 344.261
1985.542 345.867 345.867
1986.546 347.474 347.474
1987.550 349.080 349.080
1988.554 350.687 350.687
1989.558 352.293 352.293
1990.562 353.900 353.900
1991.566 355.506 355.506
1992.570 357.112 357.112
1993.574 358.719 358.719
1994.578 360.325 360.325
1995.582 361.932 361.932
1996.586 363.538 363.538
1997.590 365.145 365.145
1998.594 366.751 366.751
1999.598 368.357 368.357
2000.602 370.265 370.145
2001.606 372.373 372.052
2002.610 374.482 373.960
2003.614 376.590 375.867
2004.618 378.699 377.775
2005.622 380.807 379.683
2006.627 382.916 381.590
2007.631 385.024 383.498
2008.635 387.133 385.406
2009.639 389.241 387.313
2010.643 391.735 389.542
2011.647 394.446 391.952
2012.651 397.157 394.361
2013.655 399.867 396.771
2014.659 402.578 399.181
2015.663 405.289 401.590
2016.667 408.000 404.000
2017.671 410.711 406.410
2018.675 413.422 408.819
2019.679 416.133 411.229
2020.683 419.321 413.707
2021.687 422.735 416.217
2022.691 426.149 418.727
2023.695 429.562 421.237
2024.699 432.976 423.747
2025.703 436.390 426.257
2026.707 439.803 428.767
2027.711 443.217 431.277
2028.715 446.631 433.787
2029.719 450.044 436.297
2030.723 453.819 438.880
2031.727 457.735 441.490
2032.731 461.651 444.100
2033.735 465.566 446.711
2034.739 469.482 449.321
2035.743 473.398 451.932
2036.747 477.313 454.542
2037.751 481.229 457.153
2038.755 485.145 459.763
2039.759 489.060 462.373
2040.763 493.205 464.908
2041.767 497.422 467.418
2042.771 501.639 469.928
2043.775 505.855 472.438
2044.779 510.072 474.948
2045.783 514.289 477.458
2046.787 518.506 479.968
2047.791 522.723 482.478
2048.795 526.940 484.988
2049.799 531.157 487.498
2050.803 535.855 489.687
2051.807 540.675 491.795
2052.811 545.494 493.904
2053.815 550.313 496.012
2054.819 555.133 498.120
2055.823 559.952 500.229
2056.827 564.771 502.337
2057.831 569.590 504.446
2058.835 574.410 506.554
2059.839 579.229 508.663
2060.843 584.639 510.349
2061.847 590.161 511.956
2062.851 595.683 513.562
2063.855 601.205 515.169
2064.859 606.727 516.775
2065.863 612.249 518.382
2066.867 617.771 519.988
2067.871 623.293 521.594
2068.876 628.815 523.201
2069.880 634.337 524.807
2070.884 640.566 526.060
2071.888 646.892 527.265
2072.892 653.217 528.470
2073.896 659.542 529.675
2074.900 665.867 530.880
2075.904 672.193 532.084
2076.908 678.518 533.289
2077.912 684.843 534.494
2078.916 691.169 535.699
2079.920 697.494 536.904
2080.924 704.743 537.739
2081.928 712.072 538.542
2082.932 719.402 539.345
2083.936 726.731 540.149
2084.940 734.060 540.952
2085.944 741.390 541.755
2086.948 748.719 542.558
2087.952 756.048 543.361
2088.956 763.378 544.165
2089.960 770.707 544.968
2090.964 779.193 545.386
2091.968 787.727 545.787
2092.972 796.261 546.189
2093.976 804.795 546.590
2094.980 813.329 546.992
2095.984 821.863 547.394
2096.988 830.398 547.795
2097.992 838.932 548.197
2098.996 847.466 548.598
2100.000 856.000 549.000
