1850.287   0.001   0.001
1851.289   0.001   0.001
1852.292   0.001   0.001
1853.295   0.001   0.001
1854.298   0.001   0.001
1855.301   0.001   0.001
1856.304   0.001   0.001
1857.307   0.001   0.001
1858.309   0.001   0.001
1859.312   0.001   0.001
1860.315   0.001   0.001
1861.318   0.001   0.001
1862.321   0.001   0.001
1863.324   0.001   0.001
1864.327   0.001   0.001
1865.330   0.001   0.001
1866.332   0.001   0.001
1867.335   0.001   0.001
1868.338   0.001   0.001
1869.341   0.001   0.001
1870.344   0.001   0.001
1871.347   0.001   0.001
1872.350   0.001   0.001
1873.352   0.001   0.001
1874.355   0.001   0.001
1875.358   0.001   0.001
1876.361   0.001   0.001
1877.364   0.001   0.001
1878.367   0.001   0.001
1879.370   0.001   0.001
1880.372   0.001   0.001
1881.375   0.001   0.001
1882.378   0.001   0.001
1883.381   0.001   0.001
1884.384   0.001   0.001
1885.387   0.001   0.001
1886.390   0.001   0.001
1887.393   0.001   0.001
1888.395   0.001   0.001
1889.398   0.001   0.001
1890.401   0.001   0.001
1891.404   0.001   0.001
1892.407   0.001   0.001
1893.410   0.001   0.001
1894.413   0.001   0.001
1895.415   0.001   0.001
1896.418   0.001   0.001
1897.421   0.001   0.001
1898.424   0.001   0.001
1899.427   0.001   0.001
1900.430   0.001   0.001
1901.433   0.001   0.001
1902.436   0.001   0.001
1903.438   0.001   0.001
1904.441   0.001   0.001
1905.444   0.001   0.001
1906.447   0.001   0.001
1907.450   0.001   0.001
1908.453   0.001   0.001
1909.456   0.001   0.001
1910.458   0.001   0.001
1911.461   0.001   0.001
1912.464   0.001   0.001
1913.467   0.001   0.001
1914.470   0.001   0.001
1915.473   0.001   0.001
1916.476   0.001   0.001
1917.479   0.001   0.001
1918.481   0.001   0.001
1919.484   0.001   0.001
1920.487   0.001   0.001
1921.490   0.001   0.001
1922.493   0.001   0.001
1923.496   0.001   0.001
1924.499   0.001   0.001
1925.501   0.001   0.001
1926.504   0.001   0.001
1927.507   0.001   0.001
1928.510   0.001   0.001
1929.513   0.001   0.001
1930.516   0.001   0.001
1931.519   0.001   0.001
1932.521   0.001   0.001
1933.524   0.001   0.001
1934.527   0.001   0.001
1935.530   0.001   0.001
1936.533   0.001   0.001
1937.536   0.001   0.001
1938.539   0.001   0.001
1939.542   0.001   0.001
1940.544   0.001   0.001
1941.547   0.001   0.001
1942.550   0.001   0.001
1943.553   0.001   0.001
1944.556   0.001   0.001
1945.559   0.001   0.001
1946.562   0.001   0.001
1947.564   0.001   0.001
1948.567   0.001   0.001
1949.570   0.001   0.001
1950.573   0.001   0.001
1951.576   0.001   0.001
1952.579   0.001   0.001
1953.582   0.001   0.001
1954.585   0.001   0.001
1955.587   0.001   0.001
1956.590   0.001   0.001
1957.593   0.001   0.001
1958.596   0.001   0.001
1959.599   0.001   0.001
1960.602   0.001   0.001
1961.605   0.001   0.001
1962.607   0.001   0.001
1963.610   0.001   0.001
1964.613   0.001   0.001
1965.616   0.001   0.001
1966.619   0.001   0.001
1967.622   0.001   0.001
1968.625   0.001   0.001
1969.628   0.001   0.001
1970.630   0.001   0.001
1971.633   0.001   0.001
1972.636   0.001   0.001
1973.639   0.001   0.001
1974.642   0.001   0.001
1975.645   0.001   0.001
1976.648   0.001   0.001
1977.650   0.001   0.001
1978.653   0.001   0.001
1979.656   0.001   0.001
1980.659   0.001   0.001
1981.662   0.001   0.001
1982.665   0.001   0.001
1983.668   0.001   0.001
1984.670   0.001   0.001
1985.673   0.001   0.001
1986.676   0.000   0.000
1987.679   0.000   0.000
1988.682   0.000   0.000
1989.685   0.000   0.000
1990.688   0.011   0.011
1991.691   0.027   0.027
1992.693   0.043   0.043
1993.696   0.059   0.059
1994.699   0.075   0.075
1995.702   0.091   0.091
1996.705   0.107   0.107
1997.708   0.123   0.123
1998.711   0.139   0.139
1999.713   0.155   0.155
2000.716   0.174   0.173
2001.719   0.193   0.191
2002.722   0.212   0.209
2003.725   0.231   0.227
2004.728   0.250   0.245
2005.731   0.269   0.263
2006.734   0.288   0.281
2007.736   0.307   0.299
2008.739   0.326   0.317
2009.742   0.345   0.335
2010.745   0.361   0.356
2011.748   0.376   0.377
2012.751   0.391   0.398
2013.754   0.406   0.419
2014.756   0.421   0.440
2015.759   0.436   0.461
2016.762   0.451   0.482
2017.765   0.466   0.503
2018.768   0.482   0.524
2019.771   0.497   0.545
2020.774   0.518   0.567
2021.777   0.541   0.589
2022.779   0.564   0.611
2023.782   0.587   0.633
2024.785   0.610   0.655
2025.788   0.633   0.677
2026.791   0.656   0.699
2027.794   0.679   0.721
2028.797   0.702   0.744
2029.799   0.725   0.766
2030.802   0.756   0.787
2031.805   0.790   0.808
2032.808   0.823   0.829
2033.811   0.856   0.850
2034.814   0.889   0.871
2035.817   0.922   0.892
2036.819   0.955   0.913
2037.822   0.988   0.934
2038.825   1.021   0.955
2039.828   1.054   0.976
2040.831   1.090   0.999
2041.834   1.126   1.022
2042.837   1.162   1.045
2043.840   1.198   1.068
2044.842   1.234   1.091
2045.845   1.270   1.114
2046.848   1.307   1.138
2047.851   1.343   1.161
2048.854   1.379   1.184
2049.857   1.415   1.207
2050.860   1.457   1.230
2051.862   1.500   1.253
2052.865   1.543   1.276
2053.868   1.586   1.299
2054.871   1.629   1.322
2055.874   1.673   1.345
2056.877   1.716   1.368
2057.880   1.759   1.391
2058.883   1.802   1.414
2059.885   1.845   1.437
2060.888   1.893   1.457
2061.891   1.941   1.476
2062.894   1.989   1.495
2063.897   2.037   1.514
2064.900   2.085   1.533
2065.903   2.133   1.552
2066.905   2.181   1.571
2067.908   2.230   1.590
2068.911   2.278   1.609
2069.914   2.326   1.628
2070.917   2.374   1.645
2071.920   2.422   1.661
2072.923   2.470   1.677
2073.926   2.518   1.693
2074.928   2.567   1.709
2075.931   2.615   1.725
2076.934   2.663   1.741
2077.937   2.711   1.757
2078.940   2.759   1.773
2079.943   2.807   1.789
2080.946   2.855   1.801
2081.948   2.904   1.813
2082.951   2.952   1.825
2083.954   3.000   1.837
2084.957   3.048   1.849
2085.960   3.096   1.862
2086.963   3.144   1.874
2087.966   3.192   1.886
2088.968   3.240   1.898
2089.971   3.289   1.910
2090.974   3.339   1.917
2091.977   3.389   1.924
2092.980   3.439   1.931
2093.983   3.489   1.938
2094.986   3.539   1.945
2095.989   3.589   1.952
2096.991   3.640   1.959
2097.994   3.690   1.966
2098.997   3.740   1.973
2100.000   3.790   1.980
