   1851.0000       600.50000       0.0000000    
   1852.0000       601.00226      3.00457515E-03
   1853.0000       601.52100      6.01995597E-03
   1854.0000       602.00012      9.13145859E-03
   1855.0000       602.45313      1.20033128E-02
   1856.0000       602.87494      1.47161596E-02
   1857.0000       603.28149      1.72408354E-02
   1858.0000       603.67169      1.96722355E-02
   1859.0000       604.04810      2.20041368E-02
   1860.0000       604.41656      2.42521074E-02
   1861.0000       604.78162      2.64517274E-02
   1862.0000       605.14648      2.86295321E-02
   1863.0000       605.43945      3.08047440E-02
   1864.0000       605.73132      3.25504504E-02
   1865.0000       606.02380      3.42889167E-02
   1866.0000       606.31622      3.60299572E-02
   1867.0000       606.60480      3.77697274E-02
   1868.0000       606.89325      3.94861214E-02
   1869.0000       607.17651      4.12008464E-02
   1870.0000       607.45978      4.28837463E-02
   1871.0000       607.73846      4.45658565E-02
   1872.0000       608.04077      4.62204404E-02
   1873.0000       608.43793      4.80138585E-02
   1874.0000       608.84027      5.03690653E-02
   1875.0000       609.22217      5.27532399E-02
   1876.0000       609.61230      5.50147407E-02
   1877.0000       609.99860      5.73239103E-02
   1878.0000       610.38275      5.96087649E-02
   1879.0000       610.76343      6.18790761E-02
   1880.0000       611.15344      6.41281009E-02
   1881.0000       611.56519      6.64301738E-02
   1882.0000       612.00739      6.88594505E-02
   1883.0000       612.40155      7.14662373E-02
   1884.0000       612.80695      7.37884864E-02
   1885.0000       613.20911      7.61753395E-02
   1886.0000       613.60699      7.85416812E-02
   1887.0000       614.00201      8.08812529E-02
   1888.0000       614.40106      8.32020789E-02
   1889.0000       614.82080      8.55453387E-02
   1890.0000       615.22791      8.80087689E-02
   1891.0000       615.65326      9.03963000E-02
   1892.0000       616.07977      9.28886831E-02
   1893.0000       616.51208      9.53868777E-02
   1894.0000       616.92987      9.79168192E-02
   1895.0000       617.36871      0.10036011    
   1896.0000       617.82404      0.10292459    
   1897.0000       618.28241      0.10558371    
   1898.0000       618.75238      0.10825881    
   1899.0000       619.23541      0.11099907    
   1900.0000       619.74951      0.11381388    
   1901.0000       620.27710      0.11680675    
   1902.0000       620.87244      0.11987574    
   1903.0000       621.46460      0.12333604    
   1904.0000       622.11743      0.12677434    
   1905.0000       622.77924      0.13056104    
   1906.0000       623.48376      0.13439596    
   1907.0000       624.22644      0.13847381    
   1908.0000       625.04114      0.14276735    
   1909.0000       625.80243      0.14747141    
   1910.0000       626.57428      0.15186186    
   1911.0000       627.36389      0.15630747    
   1912.0000       628.08386      0.16085002    
   1913.0000       628.78729      0.16498682    
   1914.0000       629.51520      0.16902409    
   1915.0000       630.12463      0.17319663    
   1916.0000       630.70233      0.17668682    
   1917.0000       631.34393      0.17999205    
   1918.0000       632.01978      0.18365914    
   1919.0000       632.67169      0.18751805    
   1920.0000       633.19098      0.19123623    
   1921.0000       633.84564      0.19419570    
   1922.0000       634.41852      0.19792247    
   1923.0000       635.01947      0.20118105    
   1924.0000       635.73914      0.20459595    
   1925.0000       636.44995      0.20868088    
   1926.0000       637.15436      0.21271133    
   1927.0000       637.83282      0.21670125    
   1928.0000       638.62958      0.22053954    
   1929.0000       639.41125      0.22504233    
   1930.0000       640.28186      0.22945398    
   1931.0000       641.11554      0.23436151    
   1932.0000       641.82245      0.23905474    
   1933.0000       642.32593      0.24302930    
   1934.0000       642.87885      0.24585745    
   1935.0000       643.50153      0.24896108    
   1936.0000       644.16785      0.25245252    
   1937.0000       644.93640      0.25618529    
   1938.0000       645.74664      0.26048586    
   1939.0000       646.46942      0.26501420    
   1940.0000       647.24329      0.26904926    
   1941.0000       648.09766      0.27336398    
   1942.0000       648.94562      0.27812183    
   1943.0000       649.79834      0.28283757    
   1944.0000       650.67426      0.28757378    
   1945.0000       651.52539      0.29243228    
   1946.0000       652.12878      0.29714721    
   1947.0000       652.92621      0.30048591    
   1948.0000       653.87982      0.30489364    
   1949.0000       654.88855      0.31015772    
   1950.0000       655.80463      0.31571746    
   1951.0000       656.86139      0.32075888    
   1952.0000       658.22668      0.32656625    
   1953.0000       659.58716      0.33405504    
   1954.0000       660.94037      0.34150210    
   1955.0000       662.33875      0.34889400    
   1956.0000       663.90399      0.35651696    
   1957.0000       665.59692      0.36503050    
   1958.0000       667.31854      0.37421551    
   1959.0000       669.09534      0.38353258    
   1960.0000       670.80841      0.39312333    
   1961.0000       672.57880      0.40234560    
   1962.0000       674.37244      0.41185197    
   1963.0000       676.19269      0.42145771    
   1964.0000       678.11725      0.43117982    
   1965.0000       680.12762      0.44143051    
   1966.0000       682.22516      0.45210734    
   1967.0000       684.42493      0.46321365    
   1968.0000       686.65533      0.47482452    
   1969.0000       688.92474      0.48655891    
   1970.0000       691.35382      0.49845976    
   1971.0000       693.96539      0.51115435    
   1972.0000       696.49597      0.52475291    
   1973.0000       699.10620      0.53788114    
   1974.0000       701.86365      0.55137283    
   1975.0000       704.52161      0.56557071    
   1976.0000       707.09637      0.57920367    
   1977.0000       709.91968      0.59236103    
   1978.0000       712.78638      0.60673308    
   1979.0000       715.76166      0.62126821    
   1980.0000       718.75659      0.63629186    
   1981.0000       721.60388      0.65135181    
   1982.0000       724.26862      0.66561139    
   1983.0000       727.06567      0.67890590    
   1984.0000       729.90924      0.69280803    
   1985.0000       732.88879      0.70688659    
   1986.0000       736.00745      0.72157955    
   1987.0000       739.14508      0.73689473    
   1988.0000       742.41486      0.75223762    
   1989.0000       745.85468      0.76815772    
   1990.0000       749.29395      0.78483009    
   1991.0000       752.60742      0.80142337    
   1992.0000       756.09869      0.81733745    
   1993.0000       759.27075      0.83403027    
   1994.0000       762.45831      0.84913009    
   1995.0000       765.60565      0.86423999    
   1996.0000       768.79547      0.87909758    
   1997.0000       772.07416      0.89409351    
   1998.0000       775.29797      0.90944231    
   1999.0000       778.37335      0.92447096    
   2000.0000       781.37421      0.93874949    
   2001.0000       784.52441      0.95262778    
   2002.0000       787.79584      0.96713954    
   2003.0000       791.18140      0.98214823    
   2004.0000       794.67505      0.99761516    
   2005.0000       798.27179       1.0135063    
   2006.0000       801.96729       1.0297940    
   2007.0000       805.75781       1.0464522    
   2008.0000       809.64032       1.0634595    
   2009.0000       813.61218       1.0807966    
   2010.0000       817.67120       1.0984471    
   2011.0000       821.81543       1.1163958    
   2012.0000       826.14917       1.1346297    
   2013.0000       830.66425       1.1535996    
   2014.0000       835.35358       1.1732575    
   2015.0000       840.21118       1.1935611    
   2016.0000       845.23199       1.2144738    
   2017.0000       850.41162       1.2359623    
   2018.0000       855.74634       1.2579970    
   2019.0000       861.23303       1.2805519    
   2020.0000       866.86896       1.3036031    
   2021.0000       872.65192       1.3271285    
   2022.0000       878.55994       1.3511096    
   2023.0000       884.59259       1.3754455    
   2024.0000       890.74957       1.4001268    
   2025.0000       897.03058       1.4251436    
   2026.0000       903.43549       1.4504867    
   2027.0000       909.96417       1.4761479    
   2028.0000       916.61658       1.5021181    
   2029.0000       923.39264       1.5283898    
   2030.0000       930.29248       1.5549544    
   2031.0000       937.31604       1.5818049    
   2032.0000       944.35156       1.6089327    
   2033.0000       951.40564       1.6359041    
   2034.0000       958.48383       1.6627452    
   2035.0000       965.59106       1.6894791    
   2036.0000       972.73157       1.7161248    
   2037.0000       979.90912       1.7426982    
   2038.0000       987.12683       1.7692136    
   2039.0000       994.38770       1.7956824    
   2040.0000       1001.6942       1.8221149    
   2041.0000       1009.0486       1.8485192    
   2042.0000       1016.4539       1.8749032    
   2043.0000       1023.9119       1.9012762    
   2044.0000       1031.4242       1.9276431    
   2045.0000       1038.9922       1.9540085    
   2046.0000       1046.6172       1.9803761    
   2047.0000       1054.3005       2.0067489    
   2048.0000       1062.0432       2.0331295    
   2049.0000       1069.8463       2.0595202    
   2050.0000       1077.7107       2.0859230    
   2051.0000       1085.6375       2.1123390    
   2052.0000       1093.6644       2.1387701    
   2053.0000       1101.7904       2.1653395    
   2054.0000       1110.0148       2.1920385    
   2055.0000       1118.3368       2.2188611    
   2056.0000       1126.7561       2.2458010    
   2057.0000       1135.2723       2.2728524    
   2058.0000       1143.8851       2.3000102    
   2059.0000       1152.5945       2.3272696    
   2060.0000       1161.4004       2.3546267    
   2061.0000       1170.3027       2.3820775    
   2062.0000       1179.3015       2.4096186    
   2063.0000       1188.3970       2.4372456    
   2064.0000       1197.5892       2.4649560    
   2065.0000       1206.8785       2.4927468    
   2066.0000       1216.2651       2.5206151    
   2067.0000       1225.7491       2.5485587    
   2068.0000       1235.3309       2.5765736    
   2069.0000       1245.0107       2.6046579    
   2070.0000       1254.7891       2.6328096    
   2071.0000       1264.6660       2.6610262    
   2072.0000       1274.7021       2.6893051    
   2073.0000       1284.8950       2.7178147    
   2074.0000       1295.2430       2.7465403    
   2075.0000       1305.7446       2.7754712    
   2076.0000       1316.3986       2.8045962    
   2077.0000       1327.2036       2.8339050    
   2078.0000       1338.1591       2.8633885    
   2079.0000       1349.2643       2.8930383    
   2080.0000       1360.5186       2.9228466    
   2081.0000       1371.9216       2.9528058    
   2082.0000       1383.5332       2.9829092    
   2083.0000       1395.3508       3.0133073    
   2084.0000       1407.3722       3.0439839    
   2085.0000       1419.5956       3.0749240    
   2086.0000       1432.0195       3.1061139    
   2087.0000       1444.6427       3.1375420    
   2088.0000       1457.4641       3.1691959    
   2089.0000       1470.4829       3.2010651    
   2090.0000       1483.6986       3.2331393    
   2091.0000       1497.1106       3.2654095    
   2092.0000       1510.7195       3.2978663    
   2093.0000       1524.5250       3.3305037    
   2094.0000       1538.5271       3.3633134    
   2095.0000       1552.7256       3.3962889    
   2096.0000       1567.1205       3.4294214    
   2097.0000       1581.7118       3.4627044    
   2098.0000       1596.4999       3.4961312    
   2099.0000       1611.4847       3.5296953    
   2100.0000       1626.6669       3.5633905    
