        1851   600.50000     -3.81469727E-06   0.0000000       0.0000000    
        1852   600.99561      2.79884338E-02  2.33230591E-02  3.00457515E-03
        1853   601.51868      4.20112610E-02  4.00543213E-02  5.98003669E-03
        1854   602.01111      5.68618774E-02  5.68161011E-02  9.11773462E-03
        1855   602.48633      6.85119629E-02  7.06558228E-02  1.20688761E-02
        1856   602.93713      7.92999268E-02  8.30230713E-02  1.49148423E-02
        1857   603.37836      8.85887146E-02  9.35974121E-02  1.76126659E-02
        1858   603.80731      9.74693298E-02  0.10330963      2.02511828E-02
        1859   604.22595      0.10545349      0.11199951      2.28142831E-02
        1860   604.63947      0.11279678      0.11988831      2.53140870E-02
        1861   605.05170      0.11976242      0.12726593      2.77814381E-02
        1862   605.46539      0.12648010      0.13432312      3.02398540E-02
        1863   605.80865      0.13302231      0.14120483      3.27051170E-02
        1864   606.15308      0.13533020      0.14456177      3.47492732E-02
        1865   606.49774      0.13936234      0.14865112      3.67990844E-02
        1866   606.84216      0.14325333      0.15272522      3.88494283E-02
        1867   607.18256      0.14699173      0.15676880      4.08969112E-02
        1868   607.52283      0.15038300      0.16062164      4.29194346E-02
        1869   607.85767      0.15377045      0.16452789      4.49404009E-02
        1870   608.19250      0.15672684      0.16816711      4.69275601E-02
        1871   608.52246      0.15974426      0.17189026      4.89140488E-02
        1872   608.87598      0.16239166      0.17539978      5.08701913E-02
        1873   609.32373      0.16637802      0.18006134      5.29646687E-02
        1874   609.77576      0.17484283      0.18877411      5.56159876E-02
        1875   610.20959      0.18087769      0.19644928      5.82907423E-02
        1876   610.65393      0.18552780      0.20297241      6.08557090E-02
        1877   611.09558      0.19098663      0.20993805      6.34813756E-02
        1878   611.53650      0.19579697      0.21646881      6.60886765E-02
        1879   611.97504      0.20044327      0.22280121      6.86902925E-02
        1880   612.42383      0.20476151      0.22888184      7.12757036E-02
        1881   612.89496      0.20952225      0.23532867      7.39199147E-02
        1882   613.39709      0.21506500      0.24253845      7.66935199E-02
        1883   613.85193      0.22152710      0.25074005      7.96471015E-02
        1884   614.32025      0.22435379      0.25624084      8.23204890E-02
        1885   614.78558      0.22894669      0.26270294      8.50712657E-02
        1886   615.24725      0.23286057      0.26876068      8.78019035E-02
        1887   615.70648      0.23650360      0.27458954      9.05095115E-02
        1888   616.17010      0.23993683      0.28027344      9.32008401E-02
        1889   616.65448      0.24354172      0.28610229      9.59152803E-02
        1890   617.12622      0.24803925      0.29275513      9.87498462E-02
        1891   617.61694      0.25114822      0.29851532      0.10150778    
        1892   618.10883      0.25547791      0.30519104      0.10437470    
        1893   618.60699      0.25923538      0.31160736      0.10724603    
        1894   619.09113      0.26314163      0.31818390      0.11015177    
        1895   619.59698      0.26597595      0.32394409      0.11297308    
        1896   620.11908      0.27022171      0.33078003      0.11591919    
        1897   620.64465      0.27463150      0.33799744      0.11895690    
        1898   621.18256      0.27865219      0.34506989      0.12201243    
        1899   621.73401      0.28308105      0.35252380      0.12513721    
        1900   622.31720      0.28775787      0.36029816      0.12833729    
        1901   622.91449      0.29360962      0.36919403      0.13171902    
        1902   623.58075      0.29919052      0.37816620      0.13517918    
        1903   624.24457      0.30789185      0.38982391      0.13903482    
        1904   624.97180      0.31440735      0.40029144      0.14287232    
        1905   625.70947      0.32405472      0.41323090      0.14707147    
        1906   626.49304      0.33228302      0.42552185      0.15132591    
        1907   627.31714      0.34232712      0.43927002      0.15584014    
        1908   628.21631      0.35293198      0.45383453      0.16058108    
        1909   629.06500      0.36606979      0.47074127      0.16574742    
        1910   629.92969      0.37407684      0.48394012      0.17061642    
        1911   630.81506      0.38370514      0.49777222      0.17557064    
        1912   631.63348      0.39358521      0.51187134      0.18063660    
        1913   632.43915      0.39893723      0.52228546      0.18531282    
        1914   633.27051      0.40494537      0.53248596      0.18991037    
        1915   633.98383      0.41233063      0.54375458      0.19464833    
        1916   634.66791      0.41254044      0.54930878      0.19870871    
        1917   635.41467      0.41399002      0.55477905      0.20259829    
        1918   636.19299      0.41943741      0.56347656      0.20683977    
        1919   636.94653      0.42488480      0.57294464      0.21125509    
        1920   637.56799      0.42805862      0.58092499      0.21552445    
        1921   638.32611      0.42473602      0.58329773      0.21904191    
        1922   638.99774      0.43187714      0.59323883      0.22332796    
        1923   639.69861      0.43102264      0.59804535      0.22712086    
        1924   640.51611      0.43377686      0.60510254      0.23107472    
        1925   641.32245      0.44188309      0.61705017      0.23568080    
        1926   642.12415      0.44634247      0.62715912      0.24021865    
        1927   642.90106      0.45059204      0.63696289      0.24472427    
        1928   643.79730      0.45346451      0.64556122      0.24908546    
        1929   644.67706      0.46299744      0.65948486      0.25411022    
        1930   645.64850      0.46846771      0.67118835      0.25903556    
        1931   646.58362      0.47880936      0.68669128      0.26446605    
        1932   647.39569      0.48463440      0.69924927      0.26968607    
        1933   648.00787      0.48460388      0.70642853      0.27421325    
        1934   648.67096      0.47702408      0.70610046      0.27762222    
        1935   649.39819      0.47706223      0.71035767      0.28131077    
        1936   650.16498      0.47934723      0.71727753      0.28535226    
        1937   651.03210      0.48214340      0.72543335      0.28960830    
        1938   651.93915      0.48912048      0.73756409      0.29441568    
        1939   652.75983      0.49552536      0.75021362      0.29943708    
        1940   653.63464      0.49624634      0.75843048      0.30397451    
        1941   654.58923      0.50165558      0.76968384      0.30880502    
        1942   655.53748      0.50967407      0.78363037      0.31406853    
        1943   656.49298      0.51515579      0.79617310      0.31928933    
        1944   657.47345      0.52085495      0.80873108      0.32454267    
        1945   658.43054      0.52735901      0.82194519      0.32992533    
        1946   659.14203      0.53178024      0.83358002      0.33517182    
        1947   660.05133      0.52396774      0.83473206      0.33906698    
        1948   661.11041      0.53215027      0.84691620      0.34403914    
        1949   662.22333      0.54314423      0.86351776      0.34982166    
        1950   663.24634      0.55296707      0.88050842      0.35588828    
        1951   664.41492      0.55648041      0.89258575      0.36145580    
        1952   665.89191      0.56916046      0.91128540      0.36780500    
        1953   667.36487      0.59349442      0.94097137      0.37581393    
        1954   668.84045      0.60947418      0.96628571      0.38378310    
        1955   670.36951      0.62475204      0.99047089      0.39174893    
        1956   672.07196      0.64179993       1.0157318      0.39998507    
        1957   673.90741      0.66539383       1.0465698      0.40913305    
        1958   675.77985      0.69050980       1.0798950      0.41896957    
        1959   677.71802      0.71316528       1.1118851      0.42897707    
        1960   679.60199      0.73699570       1.1446609      0.43930674    
        1961   681.55396      0.75539017       1.1730042      0.44931877    
        1962   683.53601      0.77730942       1.2033234      0.45966348    
        1963   685.55231      0.79803848       1.2329636      0.47013712    
        1964   687.67999      0.81868744       1.2624893      0.48076066    
        1965   689.89935      0.84293747       1.2950439      0.49193716    
        1966   692.21338      0.86796188       1.3289566      0.50355852    
        1967   694.63770      0.89425659       1.3644409      0.51563567    
        1968   697.10114      0.92243195       1.4019775      0.52824557    
        1969   699.61371      0.94859314       1.4384460      0.54101360    
        1970   702.29535      0.97486496       1.4749298      0.55399030    
        1971   705.16718       1.0067368       1.5161591      0.56778860    
        1972   707.96765       1.0423470       1.5616455      0.58250719    
        1973   710.86218       1.0685959       1.6005325      0.59680229    
        1974   713.91339       1.0993233       1.6419983      0.61151862    
        1975   716.87439       1.1337395       1.6870270      0.62696660    
        1976   719.76556       1.1587563       1.7251740      0.64189452    
        1977   722.91486       1.1809807       1.7598190      0.65641147    
        1978   726.11145       1.2154274       1.8038254      0.67215800    
        1979   729.42664       1.2448997       1.8457718      0.68807137    
        1980   732.77039       1.2771912       1.8901901      0.70450115    
        1981   735.97711       1.3065872       1.9328842      0.72099698    
        1982   739.01257       1.3274765       1.9684372      0.73674607    
        1983   742.18793       1.3421745       1.9974442      0.75159115    
        1984   745.41034       1.3658371       2.0325241      0.76705503    
        1985   748.77258       1.3875694       2.0673447      0.78268087    
        1986   752.27722       1.4134674       2.1060867      0.79891264    
        1987   755.80603       1.4415131       2.1478195      0.81575483    
        1988   759.47504       1.4662361       2.1878815      0.83263379    
        1989   763.32037       1.4952583       2.2315750      0.85010028    
        1990   767.17261       1.5276222       2.2790527      0.86831546    
        1991   770.91003       1.5549698       2.3235474      0.88647169    
        1992   774.83582       1.5755348       2.3621521      0.90399992    
        1993   778.44684       1.6052322       2.4072418      0.92232043    
        1994   782.08466       1.6160011       2.4380035      0.93909019    
        1995   785.68359       1.6332359       2.4715424      0.95590574    
        1996   789.32709       1.6473198       2.5028610      0.97246498    
        1997   793.05988       1.6631966       2.5356140      0.98915207    
        1998   796.73828       1.6811066       2.5706329       1.0061684    
        1999   800.27130       1.6940002       2.6023636       1.0228587    
        2000   803.73212       1.7009964       2.6289063       1.0388168    
        2001   807.34094       1.7072258       2.6539078       1.0543804    
        2002   811.03674       1.7205505       2.6846466       1.0705388    
        2003   814.81781       1.7339668       2.7169876       1.0870122    
        2004   818.68121       1.7484779       2.7510986       1.1037877    
        2005   822.62463       1.7638779       2.7867508       1.1208483    
        2006   826.64587       1.7800560       2.8237152       1.1381795    
        2007   830.74310       1.7968788       2.8618469       1.1557673    
        2008   834.91492       1.8142624       2.9009628       1.1735997    
        2009   839.15985       1.8321266       2.9409485       1.1916670    
        2010   843.47681       1.8503647       2.9816818       1.2099580    
        2011   847.86481       1.8689537       3.0230942       1.2284647    
        2012   852.32690       1.8878098       3.0650864       1.2471794    
        2013   856.86212       1.9070396       3.1077347       1.2661110    
        2014   861.46967       1.9265175       3.1509171       1.2852516    
        2015   866.14893       1.9461937       3.1945801       1.3045938    
        2016   870.89923       1.9660187       3.2386780       1.3241316    
        2017   875.72015       1.9859772       3.2831497       1.3438584    
        2018   880.61115       2.0060081       3.3279724       1.3637685    
        2019   885.57190       2.0261116       3.3731003       1.3838565    
        2020   890.60217       2.0462303       3.4185104       1.4041176    
        2021   895.70166       2.0663643       3.4641800       1.4245467    
        2022   900.78308       2.0864792       3.5100708       1.4451396    
        2023   905.85229       2.1033249       3.5534744       1.4655430    
        2024   910.91217       2.1187439       3.5953522       1.4857835    
        2025   915.96545       2.1328354       3.6358795       1.5058736    
        2026   921.01440       2.1457443       3.6752777       1.5258268    
        2027   926.06116       2.1575661       3.7137146       1.5456532    
        2028   931.10742       2.1684227       3.7513199       1.5653625    
        2029   936.15479       2.1783867       3.7882004       1.5849628    
        2030   941.20477       2.1875534       3.8244858       1.6044617    
        2031   946.25854       2.1959801       3.8602295       1.6238652    
        2032   951.33032       2.2037315       3.8955154       1.6431798    
        2033   956.42017       2.2113190       3.9308090       1.6624599    
        2034   961.52869       2.2185211       3.9659882       1.6817051    
        2035   966.65625       2.2253723       4.0010834       1.7009186    
        2036   971.80322       2.2318993       4.0361176       1.7201011    
        2037   976.97003       2.2381020       4.0710907       1.7392544    
        2038   982.15704       2.2440071       4.1059952       1.7583797    
        2039   987.36456       2.2496300       4.1408463       1.7774782    
        2040   992.59296       2.2549706       4.1756516       1.7965510    
        2041   997.84247       2.2600632       4.2104111       1.8155993    
        2042   1003.0095       2.2648926       4.2451248       1.8346241    
        2043   1008.1005       2.2660179       4.2768860       1.8532522    
        2044   1013.1194       2.2653923       4.3067474       1.8715129    
        2045   1018.0693       2.2631798       4.3348999       1.8894247    
        2046   1022.9532       2.2595329       4.3615799       1.9070034    
        2047   1027.7737       2.2545891       4.3869629       1.9242643    
        2048   1032.5330       2.2484818       4.4112091       1.9412208    
        2049   1037.2332       2.2413063       4.4344559       1.9578836    
        2050   1041.8762       2.2331886       4.4568024       1.9742647    
        2051   1046.4637       2.2241898       4.4783707       1.9903737    
        2052   1050.8851       2.2144051       4.4992294       2.0062201    
        2053   1055.1483       2.2003136       4.5164566       2.0214264    
        2054   1059.2582       2.1839867       4.5311508       2.0360286    
        2055   1063.2190       2.1656189       4.5435867       2.0500498    
        2056   1067.0345       2.1454010       4.5540466       2.0635109    
        2057   1070.7083       2.1235237       4.5627213       2.0764313    
        2058   1074.2433       2.1001358       4.5698013       2.0888276    
        2059   1077.6425       2.0753822       4.5754547       2.1007159    
        2060   1080.9083       2.0493889       4.5798035       2.1121106    
        2061   1084.0431       2.0222549       4.5829849       2.1230245    
        2062   1087.0479       1.9940987       4.5850754       2.1334693    
        2063   1089.9247       1.9649620       4.5861435       2.1434529    
        2064   1092.6754       1.9349594       4.5862656       2.1529853    
        2065   1095.3018       1.9041634       4.5855179       2.1620765    
        2066   1097.8052       1.8726273       4.5839233       2.1707349    
        2067   1100.1871       1.8404388       4.5815659       2.1789691    
        2068   1102.4490       1.8076324       4.5784531       2.1867864    
        2069   1104.5920       1.7742615       4.5746384       2.1941938    
        2070   1106.6176       1.7403679       4.5701370       2.2011981    
        2071   1108.5266       1.7060242       4.5649872       2.2078059    
        2072   1110.3281       1.6712456       4.5591812       2.2140224    
        2073   1112.0229       1.6363068       4.5529556       2.2198792    
        2074   1113.6116       1.6011124       4.5462799       2.2253807    
        2075   1115.0947       1.5656929       4.5391083       2.2305293    
        2076   1116.4731       1.5300598       4.5314636       2.2353296    
        2077   1117.7476       1.4942169       4.5233307       2.2397854    
        2078   1118.9187       1.4582176       4.5147171       2.2439003    
        2079   1119.9871       1.4220619       4.5056076       2.2476771    
        2080   1120.9534       1.3857422       4.4960175       2.2511194    
        2081   1121.8181       1.3492928       4.4859314       2.2542298    
        2082   1122.5920       1.3127289       4.4753418       2.2570112    
        2083   1123.2751       1.2763557       4.4645157       2.2594984    
        2084   1123.8678       1.2400208       4.4533615       2.2616925    
        2085   1124.3701       1.2037315       4.4418488       2.2635949    
        2086   1124.7827       1.1674767       4.4299545       2.2652068    
        2087   1125.1057       1.1312675       4.4176941       2.2665300    
        2088   1125.3396       1.0950966       4.4050369       2.2675655    
        2089   1125.4846       1.0589752       4.3919601       2.2683151    
        2090   1125.5413       1.0228767       4.3784714       2.2687798    
        2091   1125.5099      0.98682404       4.3645554       2.2689614    
        2092   1125.4199      0.95081711       4.3501968       2.2688611    
        2093   1125.2701      0.91571045       4.3361130       2.2685726    
        2094   1125.0601      0.88106155       4.3220596       2.2680926    
        2095   1124.7893      0.84681320       4.3080139       2.2674193    
        2096   1124.4575      0.81294250       4.2938690       2.2665510    
        2097   1124.0645      0.77943420       4.2796326       2.2654872    
        2098   1123.6100      0.74624252       4.2652283       2.2642260    
        2099   1123.0940      0.71337509       4.2506332       2.2627673    
        2100   1122.5164      0.68078613       4.2358475       2.2611108    
