   1851.0000       1500.0000       800.00000       1000.0000       2.0000000       38000.000    
   1852.0000       1500.0000       800.02802       1000.0167       2.0000000       38000.000    
   1853.0000       1500.0017       800.06873       1000.0436       2.0000668       38000.000    
   1854.0000       1500.0057       800.12238       1000.0806       2.0001078       38000.000    
   1855.0000       1500.0129       800.18524       1000.1255       2.0002151       38000.004    
   1856.0000       1500.0237       800.25604       1000.1770       2.0002871       38000.008    
   1857.0000       1500.0383       800.33295       1000.2338       2.0004210       38000.016    
   1858.0000       1500.0571       800.41534       1000.2952       2.0005145       38000.023    
   1859.0000       1500.0802       800.50214       1000.3605       2.0006666       38000.035    
   1860.0000       1500.1078       800.59259       1000.4289       2.0007753       38000.047    
   1861.0000       1500.1399       800.68628       1000.5001       2.0009403       38000.063    
   1862.0000       1500.1766       800.78284       1000.5737       2.0010600       38000.082    
   1863.0000       1500.2179       800.88208       1000.6495       2.0012350       38000.102    
   1864.0000       1500.2638       800.97980       1000.7250       2.0013633       38000.125    
   1865.0000       1500.3141       801.07788       1000.8010       2.0015368       38000.152    
   1866.0000       1500.3687       801.17627       1000.8772       2.0016670       38000.184    
   1867.0000       1500.4275       801.27490       1000.9537       2.0018420       38000.215    
   1868.0000       1500.4904       801.37354       1001.0303       2.0019727       38000.250    
   1869.0000       1500.5571       801.47223       1001.1071       2.0021486       38000.289    
   1870.0000       1500.6277       801.57074       1001.1838       2.0022798       38000.328    
   1871.0000       1500.7018       801.66919       1001.2605       2.0024557       38000.371    
   1872.0000       1500.7794       801.76733       1001.3371       2.0025864       38000.418    
   1873.0000       1500.8605       801.86658       1001.4144       2.0027623       38000.469    
   1874.0000       1500.9449       801.97150       1001.4952       2.0028954       38000.520    
   1875.0000       1501.0330       802.07947       1001.5784       2.0030856       38000.574    
   1876.0000       1501.1246       802.18909       1001.6632       2.0032282       38000.633    
   1877.0000       1501.2200       802.30115       1001.7499       2.0034246       38000.695    
   1878.0000       1501.3190       802.41498       1001.8382       2.0035753       38000.758    
   1879.0000       1501.4216       802.53046       1001.9278       2.0037775       38000.824    
   1880.0000       1501.5280       802.64728       1002.0186       2.0039339       38000.895    
   1881.0000       1501.6379       802.76587       1002.1107       2.0041404       38000.969    
   1882.0000       1501.7515       802.88708       1002.2048       2.0043025       38001.047    
   1883.0000       1501.8687       803.01178       1002.3013       2.0045166       38001.129    
   1884.0000       1501.9895       803.13629       1002.3983       2.0046887       38001.211    
   1885.0000       1502.1140       803.26245       1002.4966       2.0049047       38001.297    
   1886.0000       1502.2421       803.38965       1002.5957       2.0050817       38001.387    
   1887.0000       1502.3737       803.51758       1002.6956       2.0053015       38001.480    
   1888.0000       1502.5088       803.64618       1002.7960       2.0054808       38001.578    
   1889.0000       1502.6472       803.77563       1002.8972       2.0057034       38001.680    
   1890.0000       1502.7891       803.90692       1002.9996       2.0058856       38001.785    
   1891.0000       1502.9342       804.03864       1003.1025       2.0061131       38001.895    
   1892.0000       1503.0826       804.17206       1003.2067       2.0062971       38002.008    
   1893.0000       1503.2344       804.30664       1003.3119       2.0065298       38002.125    
   1894.0000       1503.3893       804.44257       1003.4182       2.0067182       38002.246    
   1895.0000       1503.5474       804.57880       1003.5248       2.0069547       38002.371    
   1896.0000       1503.7086       804.71680       1003.6328       2.0071449       38002.500    
   1897.0000       1503.8729       804.85675       1003.7421       2.0073862       38002.633    
   1898.0000       1504.0404       804.99829       1003.8528       2.0075827       38002.770    
   1899.0000       1504.2111       805.14178       1003.9649       2.0078287       38002.910    
   1900.0000       1504.3848       805.28748       1004.0787       2.0080309       38003.055    
   1901.0000       1504.5616       805.43652       1004.1949       2.0082841       38003.203    
   1902.0000       1504.7418       805.58862       1004.3134       2.0084958       38003.355    
   1903.0000       1504.9254       805.74677       1004.4361       2.0087581       38003.512    
   1904.0000       1505.1125       805.90857       1004.5618       2.0089865       38003.672    
   1905.0000       1505.3035       806.07715       1004.6923       2.0092611       38003.836    
   1906.0000       1505.4984       806.25079       1004.8268       2.0095081       38004.004    
   1907.0000       1505.6975       806.43115       1004.9664       2.0097995       38004.180    
   1908.0000       1505.9010       806.61865       1005.1113       2.0100660       38004.359    
   1909.0000       1506.1093       806.81549       1005.2629       2.0103793       38004.543    
   1910.0000       1506.3226       807.01630       1005.4185       2.0106726       38004.734    
   1911.0000       1506.5413       807.22260       1005.5783       2.0110016       38004.930    
   1912.0000       1506.7653       807.43445       1005.7425       2.0113120       38005.133    
   1913.0000       1506.9949       807.64728       1005.9083       2.0116582       38005.340    
   1914.0000       1507.2299       807.86176       1006.0758       2.0119753       38005.555    
   1915.0000       1507.4702       808.07941       1006.2457       2.0123281       38005.773    
   1916.0000       1507.7159       808.29297       1006.4136       2.0126548       38006.000    
   1917.0000       1507.9666       808.50409       1006.5801       2.0130000       38006.230    
   1918.0000       1508.2219       808.71698       1006.7474       2.0133204       38006.469    
   1919.0000       1508.4818       808.93164       1006.9158       2.0136690       38006.711    
   1920.0000       1508.7463       809.14587       1007.0843       2.0139947       38006.961    
   1921.0000       1509.0153       809.35333       1007.2489       2.0143428       38007.215    
   1922.0000       1509.2880       809.56494       1007.4154       2.0146532       38007.477    
   1923.0000       1509.5647       809.77258       1007.5797       2.0150084       38007.742    
   1924.0000       1509.8450       809.98022       1007.7438       2.0153108       38008.016    
   1925.0000       1510.1288       810.19324       1007.9109       2.0156646       38008.293    
   1926.0000       1510.4163       810.40790       1008.0796       2.0159793       38008.578    
   1927.0000       1510.7074       810.62396       1008.2495       2.0163393       38008.867    
   1928.0000       1511.0022       810.84009       1008.4199       2.0166588       38009.164    
   1929.0000       1511.3005       811.06305       1008.5945       2.0170207       38009.465    
   1930.0000       1511.6027       811.28857       1008.7714       2.0173573       38009.773    
   1931.0000       1511.9087       811.52142       1008.9532       2.0177283       38010.090    
   1932.0000       1512.2189       811.75690       1009.1377       2.0180850       38010.410    
   1933.0000       1512.5333       811.98914       1009.3210       2.0184660       38010.738    
   1934.0000       1512.8516       812.21100       1009.4982       2.0188179       38011.074    
   1935.0000       1513.1730       812.43054       1009.6730       2.0191751       38011.414    
   1936.0000       1513.4973       812.65027       1009.8474       2.0195174       38011.762    
   1937.0000       1513.8245       812.87073       1010.0220       2.0198722       38012.113    
   1938.0000       1514.1543       813.09613       1010.1996       2.0202160       38012.473    
   1939.0000       1514.4872       813.32574       1010.3802       2.0205827       38012.836    
   1940.0000       1514.8231       813.55383       1010.5605       2.0209384       38013.207    
   1941.0000       1515.1620       813.78516       1010.7429       2.0213037       38013.586    
   1942.0000       1515.5039       814.02228       1010.9293       2.0216684       38013.969    
   1943.0000       1515.8491       814.26245       1011.1182       2.0220490       38014.359    
   1944.0000       1516.1978       814.50586       1011.3097       2.0224237       38014.758    
   1945.0000       1516.5498       814.75317       1011.5042       2.0228152       38015.160    
   1946.0000       1516.9054       815.00232       1011.7004       2.0232019       38015.570    
   1947.0000       1517.2645       815.24115       1011.8911       2.0236001       38015.988    
   1948.0000       1517.6265       815.48602       1012.0846       2.0239644       38016.414    
   1949.0000       1517.9916       815.73956       1012.2836       2.0243740       38016.844    
   1950.0000       1518.3602       816.00024       1012.4879       2.0247607       38017.281    
   1951.0000       1518.7327       816.26160       1012.6938       2.0251913       38017.727    
   1952.0000       1519.1089       816.53271       1012.9061       2.0255842       38018.180    
   1953.0000       1519.4894       816.82483       1013.1321       2.0260406       38018.641    
   1954.0000       1519.8752       817.12866       1013.3678       2.0264883       38019.109    
   1955.0000       1520.2670       817.44312       1013.6121       2.0269833       38019.586    
   1956.0000       1520.6650       817.76959       1013.8657       2.0274653       38020.070    
   1957.0000       1521.0699       818.11407       1014.1322       2.0279980       38020.563    
   1958.0000       1521.4825       818.47729       1014.4126       2.0285311       38021.066    
   1959.0000       1521.9037       818.85620       1014.7054       2.0291195       38021.578    
   1960.0000       1522.3341       819.25128       1015.0109       2.0297027       38022.102    
   1961.0000       1522.7745       819.65662       1015.3255       2.0303411       38022.637    
   1962.0000       1523.2251       820.07544       1015.6505       2.0309610       38023.180    
   1963.0000       1523.6864       820.50610       1015.9850       2.0316410       38023.734    
   1964.0000       1524.1588       820.94824       1016.3287       2.0322990       38024.301    
   1965.0000       1524.6426       821.40509       1016.6834       2.0330157       38024.879    
   1966.0000       1525.1383       821.87695       1017.0496       2.0337181       38025.473    
   1967.0000       1525.6465       822.36462       1017.4280       2.0344806       38026.078    
   1968.0000       1526.1677       822.86951       1017.8194       2.0352316       38026.695    
   1969.0000       1526.7025       823.38910       1018.2226       2.0360460       38027.328    
   1970.0000       1527.2513       823.92310       1018.6373       2.0368447       38027.977    
   1971.0000       1527.8147       824.47656       1019.0663       2.0377045       38028.637    
   1972.0000       1528.3932       825.05267       1019.5121       2.0385613       38029.313    
   1973.0000       1528.9878       825.64142       1019.9693       2.0394874       38030.004    
   1974.0000       1529.5986       826.24695       1020.4395       2.0403900       38030.711    
   1975.0000       1530.2263       826.87250       1020.9246       2.0413680       38031.438    
   1976.0000       1530.8715       827.50824       1021.4194       2.0423307       38032.180    
   1977.0000       1531.5341       828.15137       1021.9212       2.0433469       38032.941    
   1978.0000       1532.2140       828.81390       1022.4367       2.0443382       38033.719    
   1979.0000       1532.9120       829.49048       1022.9635       2.0454087       38034.516    
   1980.0000       1533.6282       830.18359       1023.5030       2.0464454       38035.332    
   1981.0000       1534.3630       830.89008       1024.0535       2.0475669       38036.168    
   1982.0000       1535.1168       831.60138       1024.6096       2.0486474       38037.023    
   1983.0000       1535.8892       832.31171       1025.1670       2.0497913       38037.898    
   1984.0000       1536.6794       833.03027       1025.7302       2.0508766       38038.793    
   1985.0000       1537.4875       833.75531       1026.2987       2.0520444       38039.707    
   1986.0000       1538.3132       834.49103       1026.8750       2.0531507       38040.641    
   1987.0000       1539.1566       835.23938       1027.4606       2.0543494       38041.594    
   1988.0000       1540.0179       835.99707       1028.0540       2.0554929       38042.566    
   1989.0000       1540.8972       836.76819       1028.6573       2.0567231       38043.563    
   1990.0000       1541.7946       837.55585       1029.2729       2.0579066       38044.578    
   1991.0000       1542.7104       838.35480       1029.8981       2.0591855       38045.617    
   1992.0000       1543.6450       839.15833       1030.5283       2.0604072       38046.680    
   1993.0000       1544.5979       839.97559       1031.1686       2.0617065       38047.762    
   1994.0000       1545.5693       840.78796       1031.8081       2.0629678       38048.867    
   1995.0000       1546.5583       841.60242       1032.4496       2.0642648       38049.996    
   1996.0000       1547.5646       842.41632       1033.0914       2.0655336       38051.148    
   1997.0000       1548.5875       843.23181       1033.7346       2.0668321       38052.320    
   1998.0000       1549.6266       844.05133       1034.3807       2.0681067       38053.516    
   1999.0000       1550.6816       844.87018       1035.0272       2.0694165       38054.734    
   2000.0000       1551.7521       845.68311       1035.6707       2.0706925       38055.977    
   2001.0000       1552.8370       846.49011       1036.3103       2.0719905       38057.242    
   2002.0000       1553.9357       847.29871       1036.9503       2.0732508       38058.527    
   2003.0000       1555.0476       848.11053       1037.5924       2.0745506       38059.836    
   2004.0000       1556.1727       848.92737       1038.2379       2.0758190       38061.168    
   2005.0000       1557.3108       849.75061       1038.8881       2.0771327       38062.523    
   2006.0000       1558.4619       850.58142       1039.5438       2.0784197       38063.898    
   2007.0000       1559.6260       851.42084       1040.2059       2.0797558       38065.297    
   2008.0000       1560.8032       852.26959       1040.8752       2.0810680       38066.719    
   2009.0000       1561.9937       853.12830       1041.5521       2.0824332       38068.164    
   2010.0000       1563.1975       853.99744       1042.2371       2.0837755       38069.633    
   2011.0000       1564.4150       854.87732       1042.9304       2.0851731       38071.125    
   2012.0000       1565.6464       855.76825       1043.6323       2.0865488       38072.645    
   2013.0000       1566.8917       856.67438       1044.3455       2.0879807       38074.188    
   2014.0000       1568.1516       857.59735       1045.0712       2.0894012       38075.754    
   2015.0000       1569.4266       858.53845       1045.8105       2.0908837       38077.348    
   2016.0000       1570.7173       859.49866       1046.5646       2.0923586       38078.965    
   2017.0000       1572.0243       860.47882       1047.3339       2.0938997       38080.609    
   2018.0000       1573.3483       861.47943       1048.1189       2.0954361       38082.281    
   2019.0000       1574.6899       862.50085       1048.9200       2.0970397       38083.980    
   2020.0000       1576.0499       863.54340       1049.7377       2.0986404       38085.707    
   2021.0000       1577.4290       864.60706       1050.5718       2.1003103       38087.461    
   2022.0000       1578.8276       865.69189       1051.4225       2.1019769       38089.246    
   2023.0000       1580.2467       866.79712       1052.2893       2.1037130       38091.059    
   2024.0000       1581.6866       867.92224       1053.1720       2.1054444       38092.902    
   2025.0000       1583.1479       869.06683       1054.0702       2.1072435       38094.777    
   2026.0000       1584.6312       870.23041       1054.9835       2.1090374       38096.684    
   2027.0000       1586.1368       871.41254       1055.9117       2.1108971       38098.621    
   2028.0000       1587.6652       872.61279       1056.8544       2.1127501       38100.594    
   2029.0000       1589.2167       873.83069       1057.8112       2.1146674       38102.598    
   2030.0000       1590.7916       875.06573       1058.7817       2.1165776       38104.637    
   2031.0000       1592.3903       876.31744       1059.7657       2.1185493       38106.707    
   2032.0000       1594.0128       877.58545       1060.7628       2.1205139       38108.813    
   2033.0000       1595.6595       878.86560       1061.7705       2.1225376       38110.953    
   2034.0000       1597.3303       880.15613       1062.7874       2.1245446       38113.129    
   2035.0000       1599.0251       881.45538       1063.8119       2.1266050       38115.340    
   2036.0000       1600.7437       882.76208       1064.8431       2.1286426       38117.586    
   2037.0000       1602.4856       884.07507       1065.8801       2.1307302       38119.867    
   2038.0000       1604.2506       885.39343       1066.9220       2.1327906       38122.188    
   2039.0000       1606.0382       886.71625       1067.9681       2.1348977       38124.543    
   2040.0000       1607.8479       888.04285       1069.0178       2.1369753       38126.934    
   2041.0000       1609.6793       889.37256       1070.0707       2.1390963       38129.363    
   2042.0000       1611.5320       890.70490       1071.1261       2.1411867       38131.828    
   2043.0000       1613.4053       892.03949       1072.1838       2.1433177       38134.328    
   2044.0000       1615.2987       893.37592       1073.2437       2.1454177       38136.867    
   2045.0000       1617.2117       894.71387       1074.3052       2.1475573       38139.441    
   2046.0000       1619.1437       896.05310       1075.3682       2.1496634       38142.055    
   2047.0000       1621.0942       897.39337       1076.4324       2.1518092       38144.703    
   2048.0000       1623.0629       898.73450       1077.4977       2.1539207       38147.387    
   2049.0000       1625.0490       900.07629       1078.5640       2.1560702       38150.109    
   2050.0000       1627.0520       901.41858       1079.6311       2.1581860       38152.867    
   2051.0000       1629.0714       902.76129       1080.6990       2.1603389       38155.664    
   2052.0000       1631.1068       904.10431       1081.7675       2.1624570       38158.496    
   2053.0000       1633.1576       905.44855       1082.8372       2.1646132       38161.363    
   2054.0000       1635.2235       906.79431       1083.9082       2.1667356       38164.270    
   2055.0000       1637.3040       908.14178       1084.9808       2.1688972       38167.211    
   2056.0000       1639.3987       909.49127       1086.0553       2.1710262       38170.191    
   2057.0000       1641.5074       910.84283       1087.1317       2.1731954       38173.207    
   2058.0000       1643.6298       912.19666       1088.2101       2.1753316       38176.262    
   2059.0000       1645.7654       913.55273       1089.2905       2.1775088       38179.352    
   2060.0000       1647.9141       914.91119       1090.3730       2.1796536       38182.480    
   2061.0000       1650.0754       916.27209       1091.4578       2.1818385       38185.645    
   2062.0000       1652.2494       917.63538       1092.5447       2.1839929       38188.844    
   2063.0000       1654.4355       919.00098       1093.6338       2.1861858       38192.082    
   2064.0000       1656.6337       920.36896       1094.7250       2.1883497       38195.355    
   2065.0000       1658.8435       921.73926       1095.8184       2.1905503       38198.668    
   2066.0000       1661.0648       923.11188       1096.9138       2.1927233       38202.020    
   2067.0000       1663.2975       924.48669       1098.0114       2.1949320       38205.406    
   2068.0000       1665.5411       925.86365       1099.1108       2.1971135       38208.832    
   2069.0000       1667.7957       927.24268       1100.2123       2.1993299       38212.293    
   2070.0000       1670.0608       928.62372       1101.3157       2.2015195       38215.793    
   2071.0000       1672.3363       930.00671       1102.4209       2.2037435       38219.328    
   2072.0000       1674.6219       931.39154       1103.5278       2.2059402       38222.902    
   2073.0000       1676.9175       932.77954       1104.6373       2.2081714       38226.512    
   2074.0000       1679.2229       934.17114       1105.7498       2.2103782       38230.160    
   2075.0000       1681.5381       935.56665       1106.8655       2.2126212       38233.848    
   2076.0000       1683.8629       936.96643       1107.9846       2.2148409       38237.570    
   2077.0000       1686.1973       938.37067       1109.1074       2.2170978       38241.332    
   2078.0000       1688.5411       939.77948       1110.2341       2.2193322       38245.133    
   2079.0000       1690.8945       941.19293       1111.3646       2.2216043       38248.969    
   2080.0000       1693.2574       942.61115       1112.4991       2.2238545       38252.844    
   2081.0000       1695.6299       944.03406       1113.6376       2.2261424       38256.758    
   2082.0000       1698.0117       945.46167       1114.7800       2.2284079       38260.711    
   2083.0000       1700.4031       946.89526       1115.9271       2.2307124       38264.703    
   2084.0000       1702.8038       948.33514       1117.0793       2.2329965       38268.730    
   2085.0000       1705.2142       949.78168       1118.2368       2.2353210       38272.797    
   2086.0000       1707.6343       951.23511       1119.3999       2.2376266       38276.902    
   2087.0000       1710.0641       952.69562       1120.5687       2.2399731       38281.047    
   2088.0000       1712.5038       954.16321       1121.7433       2.2423019       38285.230    
   2089.0000       1714.9535       955.63800       1122.9237       2.2446713       38289.453    
   2090.0000       1717.4132       957.11987       1124.1100       2.2470236       38293.719    
   2091.0000       1719.8832       958.60883       1125.3020       2.2494164       38298.023    
   2092.0000       1722.3634       960.10474       1126.4999       2.2517920       38302.367    
   2093.0000       1724.8540       961.60754       1127.7034       2.2542076       38306.750    
   2094.0000       1727.3551       963.11707       1128.9125       2.2566061       38311.176    
   2095.0000       1729.8667       964.63318       1130.1271       2.2590442       38315.641    
   2096.0000       1732.3889       966.15570       1131.3470       2.2614641       38320.145    
   2097.0000       1734.9218       967.68445       1132.5723       2.2639241       38324.691    
   2098.0000       1737.4653       969.21918       1133.8025       2.2663651       38329.277    
   2099.0000       1740.0195       970.75970       1135.0377       2.2688451       38333.906    
   2100.0000       1742.5845       972.30585       1136.2777       2.2713060       38338.574    
