   1851.0000       1500.0000       800.00000       1000.0000       2.0000000       38000.000    
   1852.0000       1500.0000       800.02802       1000.0233       2.0000000       38000.000    
   1853.0000       1500.0017       800.06836       1000.0625       2.0000935       38000.000    
   1854.0000       1500.0057       800.12115       1000.1170       2.0001569       38000.004    
   1855.0000       1500.0128       800.18262       1000.1833       2.0003114       38000.008    
   1856.0000       1500.0233       800.25134       1000.2596       2.0004220       38000.016    
   1857.0000       1500.0376       800.32562       1000.3436       2.0006166       38000.023    
   1858.0000       1500.0559       800.40479       1000.4342       2.0007577       38000.035    
   1859.0000       1500.0784       800.48773       1000.5302       2.0009794       38000.051    
   1860.0000       1500.1051       800.57379       1000.6305       2.0011415       38000.070    
   1861.0000       1500.1361       800.66248       1000.7345       2.0013804       38000.094    
   1862.0000       1500.1715       800.75354       1000.8417       2.0015578       38000.121    
   1863.0000       1500.2112       800.84686       1000.9519       2.0018091       38000.152    
   1864.0000       1500.2552       800.93811       1001.0614       2.0019989       38000.188    
   1865.0000       1500.3033       801.02936       1001.1710       2.0022469       38000.227    
   1866.0000       1500.3553       801.12054       1001.2806       2.0024371       38000.270    
   1867.0000       1500.4113       801.21167       1001.3903       2.0026855       38000.316    
   1868.0000       1500.4708       801.30249       1001.4998       2.0028758       38000.367    
   1869.0000       1500.5339       801.39319       1001.6091       2.0031233       38000.422    
   1870.0000       1500.6005       801.48340       1001.7181       2.0033135       38000.480    
   1871.0000       1500.6703       801.57336       1001.8269       2.0035591       38000.543    
   1872.0000       1500.7433       801.66278       1001.9352       2.0037489       38000.609    
   1873.0000       1500.8192       801.75317       1002.0443       2.0039921       38000.680    
   1874.0000       1500.8982       801.84906       1002.1581       2.0041852       38000.754    
   1875.0000       1500.9803       801.94775       1002.2754       2.0044475       38000.832    
   1876.0000       1501.0658       802.04779       1002.3950       2.0046544       38000.914    
   1877.0000       1501.1545       802.15002       1002.5172       2.0049257       38001.000    
   1878.0000       1501.2466       802.25378       1002.6415       2.0051432       38001.094    
   1879.0000       1501.3419       802.35889       1002.7676       2.0054231       38001.191    
   1880.0000       1501.4406       802.46509       1002.8953       2.0056477       38001.293    
   1881.0000       1501.5424       802.57281       1003.0247       2.0059338       38001.398    
   1882.0000       1501.6473       802.68286       1003.1567       2.0061655       38001.508    
   1883.0000       1501.7556       802.79614       1003.2921       2.0064616       38001.621    
   1884.0000       1501.8672       802.90894       1003.4281       2.0067072       38001.742    
   1885.0000       1501.9819       803.02307       1003.5657       2.0070052       38001.867    
   1886.0000       1502.0999       803.13794       1003.7043       2.0072575       38001.996    
   1887.0000       1502.2209       803.25336       1003.8438       2.0075603       38002.133    
   1888.0000       1502.3451       803.36914       1003.9839       2.0078154       38002.273    
   1889.0000       1502.4722       803.48560       1004.1249       2.0081205       38002.418    
   1890.0000       1502.6022       803.60364       1004.2674       2.0083790       38002.566    
   1891.0000       1502.7351       803.72186       1004.4105       2.0086908       38002.723    
   1892.0000       1502.8708       803.84155       1004.5552       2.0089517       38002.883    
   1893.0000       1503.0095       803.96216       1004.7010       2.0092692       38003.047    
   1894.0000       1503.1510       804.08386       1004.8483       2.0095353       38003.219    
   1895.0000       1503.2952       804.20563       1004.9960       2.0098581       38003.395    
   1896.0000       1503.4420       804.32898       1005.1452       2.0101261       38003.574    
   1897.0000       1503.5916       804.45404       1005.2963       2.0104547       38003.762    
   1898.0000       1503.7439       804.58038       1005.4491       2.0107307       38003.953    
   1899.0000       1503.8989       804.70844       1005.6039       2.0110660       38004.152    
   1900.0000       1504.0566       804.83844       1005.7609       2.0113497       38004.355    
   1901.0000       1504.2172       804.97156       1005.9211       2.0116940       38004.563    
   1902.0000       1504.3805       805.10742       1006.0847       2.0119910       38004.777    
   1903.0000       1504.5468       805.24902       1006.2540       2.0123477       38004.996    
   1904.0000       1504.7162       805.39398       1006.4277       2.0126681       38005.223    
   1905.0000       1504.8889       805.54529       1006.6082       2.0130429       38005.453    
   1906.0000       1505.0652       805.70129       1006.7946       2.0133901       38005.691    
   1907.0000       1505.2451       805.86365       1006.9880       2.0137882       38005.938    
   1908.0000       1505.4291       806.03259       1007.1890       2.0141640       38006.191    
   1909.0000       1505.6173       806.21045       1007.3998       2.0145922       38006.449    
   1910.0000       1505.8102       806.39166       1007.6162       2.0150070       38006.715    
   1911.0000       1506.0078       806.57782       1007.8387       2.0154581       38006.988    
   1912.0000       1506.2102       806.76898       1008.0674       2.0158973       38007.270    
   1913.0000       1506.4176       806.96051       1008.2983       2.0163727       38007.559    
   1914.0000       1506.6299       807.15320       1008.5311       2.0168204       38007.859    
   1915.0000       1506.8469       807.34851       1008.7668       2.0173039       38008.168    
   1916.0000       1507.0687       807.53925       1008.9998       2.0177636       38008.484    
   1917.0000       1507.2949       807.72705       1009.2298       2.0182357       38008.809    
   1918.0000       1507.5251       807.91632       1009.4603       2.0186839       38009.141    
   1919.0000       1507.7593       808.10706       1009.6921       2.0191574       38009.480    
   1920.0000       1507.9974       808.29700       1009.9237       2.0196114       38009.828    
   1921.0000       1508.2394       808.47986       1010.1494       2.0200834       38010.184    
   1922.0000       1508.4845       808.66663       1010.3770       2.0205145       38010.547    
   1923.0000       1508.7330       808.84918       1010.6014       2.0209937       38010.922    
   1924.0000       1508.9845       809.03149       1010.8249       2.0214119       38011.305    
   1925.0000       1509.2389       809.21899       1011.0524       2.0218878       38011.695    
   1926.0000       1509.4963       809.40784       1011.2820       2.0223222       38012.094    
   1927.0000       1509.7570       809.59784       1011.5134       2.0228062       38012.500    
   1928.0000       1510.0206       809.78766       1011.7451       2.0232477       38012.914    
   1929.0000       1510.2872       809.98407       1011.9826       2.0237331       38013.336    
   1930.0000       1510.5571       810.18268       1012.2234       2.0241976       38013.766    
   1931.0000       1510.8302       810.38837       1012.4713       2.0246964       38014.203    
   1932.0000       1511.1069       810.59625       1012.7229       2.0251889       38014.648    
   1933.0000       1511.3873       810.80054       1012.9728       2.0257030       38015.105    
   1934.0000       1511.6710       810.99390       1013.2136       2.0261884       38015.570    
   1935.0000       1511.9572       811.18481       1013.4503       2.0266662       38016.043    
   1936.0000       1512.2456       811.37573       1013.6855       2.0271349       38016.523    
   1937.0000       1512.5363       811.56720       1013.9207       2.0276074       38017.012    
   1938.0000       1512.8291       811.76343       1014.1597       2.0280752       38017.508    
   1939.0000       1513.1244       811.96368       1014.4031       2.0285640       38018.016    
   1940.0000       1513.4222       812.16211       1014.6461       2.0290484       38018.531    
   1941.0000       1513.7224       812.36353       1014.8920       2.0295362       38019.055    
   1942.0000       1514.0251       812.57050       1015.1431       2.0300317       38019.586    
   1943.0000       1514.3306       812.78021       1015.3981       2.0305409       38020.125    
   1944.0000       1514.6388       812.99286       1015.6567       2.0310516       38020.676    
   1945.0000       1514.9500       813.20911       1015.9194       2.0315752       38021.234    
   1946.0000       1515.2640       813.42676       1016.1847       2.0321026       38021.801    
   1947.0000       1515.5812       813.63354       1016.4418       2.0326362       38022.379    
   1948.0000       1515.9006       813.84631       1016.7022       2.0331316       38022.965    
   1949.0000       1516.2225       814.06750       1016.9701       2.0336776       38023.559    
   1950.0000       1516.5475       814.29553       1017.2457       2.0342031       38024.164    
   1951.0000       1516.8757       814.52380       1017.5237       2.0347800       38024.777    
   1952.0000       1517.2072       814.76160       1017.8107       2.0353150       38025.402    
   1953.0000       1517.5422       815.02002       1018.1174       2.0359282       38026.035    
   1954.0000       1517.8821       815.28967       1018.4387       2.0365415       38026.680    
   1955.0000       1518.2272       815.56927       1018.7729       2.0372138       38027.336    
   1956.0000       1518.5780       815.86017       1019.1207       2.0378780       38028.004    
   1957.0000       1518.9351       816.16846       1019.4871       2.0386052       38028.684    
   1958.0000       1519.2992       816.49475       1019.8739       2.0393434       38029.375    
   1959.0000       1519.6713       816.83582       1020.2791       2.0401525       38030.082    
   1960.0000       1520.0519       817.19214       1020.7027       2.0409636       38030.801    
   1961.0000       1520.4418       817.55768       1021.1397       2.0418472       38031.535    
   1962.0000       1520.8411       817.93567       1021.5916       2.0427117       38032.285    
   1963.0000       1521.2502       818.32446       1022.0571       2.0436544       38033.051    
   1964.0000       1521.6697       818.72369       1022.5356       2.0445743       38033.832    
   1965.0000       1522.0996       819.13666       1023.0298       2.0455685       38034.633    
   1966.0000       1522.5406       819.56360       1023.5403       2.0465508       38035.449    
   1967.0000       1522.9932       820.00537       1024.0684       2.0476108       38036.285    
   1968.0000       1523.4578       820.46326       1024.6151       2.0486627       38037.141    
   1969.0000       1523.9349       820.93469       1025.1790       2.0497980       38038.016    
   1970.0000       1524.4250       821.41937       1025.7593       2.0509181       38038.910    
   1971.0000       1524.9286       821.92255       1026.3602       2.0521193       38039.824    
   1972.0000       1525.4462       822.44727       1026.9854       2.0533218       38040.758    
   1973.0000       1525.9788       822.98328       1027.6271       2.0546198       38041.715    
   1974.0000       1526.5265       823.53491       1028.2875       2.0558887       38042.695    
   1975.0000       1527.0897       824.10541       1028.9695       2.0572615       38043.699    
   1976.0000       1527.6692       824.68469       1029.6653       2.0586166       38044.727    
   1977.0000       1528.2649       825.27002       1030.3711       2.0600448       38045.777    
   1978.0000       1528.8766       825.87372       1031.0957       2.0614400       38046.855    
   1979.0000       1529.5050       826.49023       1031.8365       2.0629430       38047.957    
   1980.0000       1530.1503       827.12219       1032.5955       2.0644035       38049.086    
   1981.0000       1530.8127       827.76624       1033.3701       2.0659785       38050.242    
   1982.0000       1531.4927       828.41376       1034.1528       2.0675020       38051.426    
   1983.0000       1532.1897       829.05890       1034.9366       2.0691094       38052.637    
   1984.0000       1532.9032       829.71130       1035.7278       2.0706372       38053.875    
   1985.0000       1533.6329       830.36908       1036.5256       2.0722742       38055.145    
   1986.0000       1534.3788       831.03668       1037.3340       2.0738287       38056.441    
   1987.0000       1535.1409       831.71613       1038.1554       2.0755076       38057.766    
   1988.0000       1535.9193       832.40393       1038.9878       2.0771141       38059.121    
   1989.0000       1536.7141       833.10437       1039.8344       2.0788374       38060.504    
   1990.0000       1537.5255       833.82056       1040.6985       2.0805001       38061.918    
   1991.0000       1538.3539       834.54712       1041.5765       2.0822940       38063.363    
   1992.0000       1539.1993       835.27716       1042.4620       2.0840125       38064.840    
   1993.0000       1540.0615       836.02014       1043.3613       2.0858359       38066.348    
   1994.0000       1540.9408       836.75690       1044.2595       2.0876098       38067.887    
   1995.0000       1541.8361       837.49481       1045.1595       2.0894284       38069.457    
   1996.0000       1542.7469       838.23120       1046.0591       2.0912099       38071.059    
   1997.0000       1543.6730       838.96844       1046.9597       2.0930266       38072.691    
   1998.0000       1544.6135       839.70898       1047.8636       2.0948124       38074.355    
   1999.0000       1545.5685       840.44806       1048.7675       2.0966425       38076.051    
   2000.0000       1546.5371       841.18036       1049.6660       2.0984273       38077.781    
   2001.0000       1547.5188       841.90594       1050.5580       2.1002369       38079.543    
   2002.0000       1548.5126       842.63275       1051.4495       2.1019955       38081.336    
   2003.0000       1549.5182       843.36115       1052.3420       2.1038027       38083.160    
   2004.0000       1550.5353       844.09253       1053.2374       2.1055655       38085.016    
   2005.0000       1551.5637       844.82800       1054.1372       2.1073842       38086.902    
   2006.0000       1552.6034       845.56842       1055.0425       2.1091647       38088.820    
   2007.0000       1553.6542       846.31451       1055.9542       2.1110053       38090.770    
   2008.0000       1554.7161       847.06683       1056.8733       2.1128116       38092.750    
   2009.0000       1555.7892       847.82587       1057.8003       2.1146817       38094.762    
   2010.0000       1556.8735       848.59192       1058.7356       2.1165195       38096.805    
   2011.0000       1557.9691       849.36530       1059.6797       2.1184230       38098.883    
   2012.0000       1559.0760       850.14618       1060.6329       2.1202960       38100.992    
   2013.0000       1560.1943       850.93488       1061.5956       2.1222358       38103.137    
   2014.0000       1561.3242       851.73151       1062.5679       2.1241469       38105.313    
   2015.0000       1562.4657       852.53619       1063.5499       2.1261249       38107.523    
   2016.0000       1563.6190       853.34894       1064.5420       2.1280751       38109.770    
   2017.0000       1564.7842       854.16980       1065.5439       2.1300931       38112.047    
   2018.0000       1565.9613       854.99872       1066.5559       2.1320829       38114.359    
   2019.0000       1567.1505       855.83569       1067.5778       2.1341410       38116.707    
   2020.0000       1568.3518       856.68060       1068.6095       2.1361704       38119.090    
   2021.0000       1569.5654       857.53339       1069.6511       2.1382680       38121.512    
   2022.0000       1570.7914       858.39398       1070.7024       2.1403365       38123.969    
   2023.0000       1572.0297       859.25897       1071.7606       2.1424732       38126.461    
   2024.0000       1573.2803       860.12714       1072.8240       2.1445694       38128.992    
   2025.0000       1574.5430       860.99731       1073.8910       2.1467266       38131.559    
   2026.0000       1575.8174       861.86859       1074.9604       2.1488376       38134.164    
   2027.0000       1577.1034       862.74023       1076.0313       2.1510043       38136.805    
   2028.0000       1578.4005       863.61157       1077.1027       2.1531210       38139.484    
   2029.0000       1579.7084       864.48206       1078.1738       2.1552896       38142.199    
   2030.0000       1581.0266       865.35138       1079.2444       2.1574059       38144.949    
   2031.0000       1582.3549       866.21912       1080.3137       2.1595721       38147.738    
   2032.0000       1583.6926       867.08508       1081.3815       2.1616831       38150.563    
   2033.0000       1585.0396       867.94946       1082.4478       2.1638432       38153.426    
   2034.0000       1586.3953       868.81226       1083.5126       2.1659479       38156.324    
   2035.0000       1587.7594       869.67352       1084.5759       2.1681027       38159.262    
   2036.0000       1589.1315       870.53333       1085.6378       2.1702013       38162.234    
   2037.0000       1590.5112       871.39166       1086.6982       2.1723504       38165.242    
   2038.0000       1591.8983       872.24854       1087.7573       2.1744428       38168.285    
   2039.0000       1593.2925       873.10400       1088.8151       2.1765866       38171.367    
   2040.0000       1594.6934       873.95813       1089.8715       2.1786737       38174.484    
   2041.0000       1596.1007       874.81091       1090.9265       2.1808124       38177.637    
   2042.0000       1597.5142       875.66235       1091.9803       2.1828938       38180.824    
   2043.0000       1598.9335       876.50909       1093.0300       2.1850281       38184.051    
   2044.0000       1600.3582       877.34979       1094.0739       2.1870923       38187.313    
   2045.0000       1601.7877       878.18347       1095.1104       2.1892033       38190.609    
   2046.0000       1603.2216       879.00922       1096.1384       2.1912384       38193.941    
   2047.0000       1604.6591       879.82635       1097.1571       2.1933155       38197.309    
   2048.0000       1606.0996       880.63434       1098.1656       2.1953130       38200.711    
   2049.0000       1607.5425       881.43280       1099.1635       2.1973500       38204.145    
   2050.0000       1608.9871       882.22137       1100.1500       2.1993041       38207.613    
   2051.0000       1610.4327       882.99988       1101.1250       2.2012963       38211.113    
   2052.0000       1611.8789       883.76813       1102.0881       2.2032037       38214.648    
   2053.0000       1613.3248       884.52246       1103.0364       2.2051492       38218.215    
   2054.0000       1614.7698       885.26147       1103.9677       2.2069964       38221.813    
   2055.0000       1616.2129       885.98401       1104.8804       2.2088742       38225.441    
   2056.0000       1617.6531       886.68921       1105.7733       2.2106476       38229.102    
   2057.0000       1619.0895       887.37628       1106.6455       2.2124457       38232.789    
   2058.0000       1620.5212       888.04468       1107.4961       2.2141366       38236.508    
   2059.0000       1621.9473       888.69409       1108.3245       2.2158480       38240.254    
   2060.0000       1623.3666       889.32416       1109.1302       2.2174501       38244.027    
   2061.0000       1624.7783       889.93469       1109.9130       2.2190709       38247.824    
   2062.0000       1626.1815       890.52563       1110.6726       2.2205811       38251.648    
   2063.0000       1627.5752       891.09686       1111.4089       2.2221098       38255.496    
   2064.0000       1628.9586       891.64844       1112.1218       2.2235260       38259.367    
   2065.0000       1630.3308       892.18036       1112.8114       2.2249613       38263.262    
   2066.0000       1631.6910       892.69275       1113.4777       2.2262845       38267.180    
   2067.0000       1633.0385       893.18573       1114.1207       2.2276263       38271.117    
   2068.0000       1634.3723       893.65942       1114.7407       2.2288566       38275.074    
   2069.0000       1635.6920       894.11401       1115.3378       2.2301064       38279.051    
   2070.0000       1636.9967       894.54968       1115.9121       2.2312450       38283.047    
   2071.0000       1638.2858       894.96661       1116.4640       2.2324038       38287.059    
   2072.0000       1639.5586       895.36499       1116.9935       2.2334523       38291.086    
   2073.0000       1640.8146       895.74530       1117.5011       2.2345219       38295.129    
   2074.0000       1642.0532       896.10779       1117.9872       2.2354827       38299.188    
   2075.0000       1643.2739       896.45270       1118.4520       2.2364664       38303.262    
   2076.0000       1644.4763       896.78040       1118.8960       2.2373419       38307.348    
   2077.0000       1645.6599       897.09106       1119.3195       2.2382421       38311.445    
   2078.0000       1646.8242       897.38495       1119.7227       2.2390361       38315.555    
   2079.0000       1647.9690       897.66229       1120.1058       2.2398548       38319.676    
   2080.0000       1649.0938       897.92334       1120.4692       2.2405686       38323.809    
   2081.0000       1650.1981       898.16821       1120.8131       2.2413087       38327.949    
   2082.0000       1651.2819       898.39722       1121.1377       2.2419438       38332.098    
   2083.0000       1652.3447       898.61078       1121.4435       2.2426071       38336.254    
   2084.0000       1653.3864       898.80920       1121.7308       2.2431669       38340.418    
   2085.0000       1654.4065       898.99274       1122.0001       2.2437568       38344.590    
   2086.0000       1655.4050       899.16168       1122.2516       2.2442441       38348.770    
   2087.0000       1656.3817       899.31622       1122.4856       2.2447624       38352.953    
   2088.0000       1657.3364       899.45654       1122.7023       2.2451801       38357.141    
   2089.0000       1658.2690       899.58289       1122.9020       2.2456293       38361.332    
   2090.0000       1659.1794       899.69543       1123.0848       2.2459788       38365.527    
   2091.0000       1660.0674       899.79431       1123.2512       2.2463608       38369.727    
   2092.0000       1660.9329       899.87964       1123.4011       2.2466445       38373.926    
   2093.0000       1661.7758       899.95239       1123.5355       2.2469602       38378.129    
   2094.0000       1662.5961       900.01312       1123.6549       2.2471824       38382.332    
   2095.0000       1663.3938       900.06226       1123.7600       2.2474375       38386.535    
   2096.0000       1664.1689       900.10010       1123.8511       2.2476029       38390.738    
   2097.0000       1664.9215       900.12695       1123.9287       2.2478018       38394.941    
   2098.0000       1665.6516       900.14307       1123.9932       2.2479134       38399.141    
   2099.0000       1666.3594       900.14868       1124.0447       2.2480593       38403.340    
   2100.0000       1667.0448       900.14404       1124.0836       2.2481198       38407.535    
