1970.000 325.000
1971.000 326.200
1972.000 327.400
1973.000 328.600
1974.000 329.800
1975.000 331.000
1976.000 332.200
1977.000 333.400
1978.000 334.600
1979.000 335.800
1980.000 337.000
1981.000 338.600
1982.000 340.200
1983.000 341.800
1984.000 343.400
1985.000 345.000
1986.000 346.600
1987.000 348.200
1988.000 349.800
1989.000 351.400
1990.000 353.000
1991.000 354.600
1992.000 356.200
1993.000 357.800
1994.000 359.400
1995.000 361.000
1996.000 362.600
1997.000 364.200
1998.000 365.800
1999.000 367.400
2000.000 369.000
2001.000 371.100
2002.000 373.200
2003.000 375.300
2004.000 377.400
2005.000 379.500
2006.000 381.600
2007.000 383.700
2008.000 385.800
2009.000 387.900
2010.000 390.000
2011.000 392.700
2012.000 395.400
2013.000 398.100
2014.000 400.800
2015.000 403.500
2016.000 406.200
2017.000 408.900
2018.000 411.600
2019.000 414.300
2020.000 417.000
2021.000 420.400
2022.000 423.800
2023.000 427.200
2024.000 430.600
2025.000 434.000
2026.000 437.400
2027.000 440.800
2028.000 444.200
2029.000 447.600
2030.000 451.000
2031.000 454.900
2032.000 458.800
2033.000 462.700
2034.000 466.600
2035.000 470.500
2036.000 474.400
2037.000 478.300
2038.000 482.200
2039.000 486.100
2040.000 490.000
2041.000 494.200
2042.000 498.400
2043.000 502.600
2044.000 506.800
2045.000 511.000
2046.000 515.200
2047.000 519.400
2048.000 523.600
2049.000 527.800
2050.000 532.000
2051.000 536.800
2052.000 541.600
2053.000 546.400
2054.000 551.200
2055.000 556.000
2056.000 560.800
2057.000 565.600
2058.000 570.400
2059.000 575.200
2060.000 580.000
2061.000 585.500
2062.000 591.000
2063.000 596.500
2064.000 602.000
2065.000 607.500
2066.000 613.000
2067.000 618.500
2068.000 624.000
2069.000 629.500
2070.000 635.000
2071.000 641.300
2072.000 647.600
2073.000 653.900
2074.000 660.200
2075.000 666.500
2076.000 672.800
2077.000 679.100
2078.000 685.400
2079.000 691.700
2080.000 698.000
2081.000 705.300
2082.000 712.600
2083.000 719.900
2084.000 727.200
2085.000 734.500
2086.000 741.800
2087.000 749.100
2088.000 756.400
2089.000 763.700
2090.000 771.000
2091.000 779.500
2092.000 788.000
2093.000 796.500
2094.000 805.000
2095.000 813.500
2096.000 822.000
2097.000 830.500
2098.000 839.000
2099.000 847.500
2100.000 856.000
